100 chirp-0.5/size=9
-0.311827
2060.05
-663.011
234.247
330.772
-739.309
1042.46
-1205.96
1226.05
-1101.22
849.938
-496.383
79.4941
357.294
-763.862
1094.81
-1313.08
1386.76
-1308.93
1079.64
-725.506
281.504
202.578
-671.487
1066.47
-1344.37
1463.29
-1408.92
1182.38
-807.071
326.686
201.642
-713.279
1142.53
-1433.66
1544.17
-1458.13
1181.47
-744.355
203.826
372.335
-906.559
1327.8
-1572.35
1607.93
-1420.49
1033.27
-496.999
-117.841
724.309
-1235.75
1577.05
-1693.18
1566.58
-1205.11
662.802
-13.502
-647.056
1217.96
-1611.93
1763.9
-1647.64
1272.47
-695.149
-0.445891
703.202
-1304.26
1703.54
-1833.8
1667.1
-1225.67
578.031
174.914
-907.191
1496.4
-1840.59
1876.36
-1591.4
1030.5
-282.519
-522.914
1245.97
-1758.34
1964.96
-1822.36
1351.5
-630.769
-214.448
1028.17
-1663.62
1997.97
-1963.16
1561.5
-859.077
-13.5947
892.773
-1611.32
2026.34
-2053.2
1678.51
-970.256
62.0927
867.909
-1634.6
2081.37
-2111.18
1712.59
-959.981
0.864552
968.408
-1745.65
2166.47
-2135.71
1653.8
-814.359
-208.358
1195.52
-1934.96
2261.21
-2097.04
1469.45
-511.115
-570.405
1534.85
-2164.58
2312.34
-1935.44
1114.7
-29.4788
-1073.53
1937.41
-2358.63
2231.18
-1577.67
544.092
628.083
-1662.18
2306.22
-2398.03
1909.55
-950.569
-251.476
1401.78
-2215.33
2484.95
-2135.06
1245.16
-31.5607
-1199.82
2136.84
-2533.57
2280.4
-1434.38
208.233
1084.27
-2102.25
2574.51
-2366.88
1526.97
-269.855
-1070.95
2132.25
-2624.17
2403.09
-1519.99
211.703
1167.26
-2232.29
2681.93
-2382.86
1408.06
-25.8691
-1374.26
2393.06
-2733
2284.74
-1171.64
-292.086
1682.86
-2588.74
2738.14
-2076.5
789.192
741.742
-2064.5
2772.73
-2644.93
1710.84
-246.287
-1306.13
2465.84
-2871.84
2384.9
-1148.69
-456.774
1931.15
-2805.04
2791.69
-1887.36
369.854
1277.6
-2524.22
2958.91
-2431.63
1103.4
597.81
-2114.09
2939.3
-2789.98
1708.26
-42.3239
-1648.78
2792.51
-2995.52
2176.51
-604.261
-1185.92
2579.09
-3086.76
2521.12
-1069.98
-767.433
2346.62
-3105.52
2765.08
-1435.27
-418.064
2133.55
-3090.05
2931.83
-1704.71
-153.136
1967.45
-3068.68
3043.09
-1885.9
20.4913
1866.84
-3063.79
3114.62
-1986.34
96.5317
1842.56
-3088.08
3155.81
-2006.91
73.0319
1900.88
-3145.64
3167.08
-1944.48
-53.4387
2041.58
-3231.4
3140.47
-1791.22
-285.172
2259.89
-3332.02
3057.4
-1534.46
-624.025
2540.86
-3421.37
2892.46
-1160.23
-1064.76
2859.05
-3464.49
2614.34
-656.796
-1592.8
3176.99
-3413.5
2190.65
-17.8343
-2175.17
3438.12
-3216.23
1590.52
740.329
-2759.12
3574.16
-2814.85
802.414
1577.67
-3267.44
3502.02
-2164.41
-156.3
2420.3
-3596.34
3142.54
-1247.48
-1228.05
3153.33
-3632.65
2431.75
-94.8451
-2299.01
3630.74
-3264.82
1360.56
1197.5
-3200.83
3693.42
-2426.68
-9.07609
2451.91
-3727.56
3208
-1130.59
-1506.81
3423.42
-3674.27
2121.51
482.541
-2862.74
3836
-2906
522.873
2134.54
-3733.78
3461.08
-1439.72
-1322.37
3425.05
-3792.55
2223.62
495.366
-2971.13
3926.8
-2854.26
294.666
2431.42
-3899.92
3332.42
-1010.66
-1854.55
3753.09
-3670.96
1635.75
1282.77
-3527.02
3890.01
-2162.18
-743.881
3258.1
-4016.67
2589.86
257.714
-2976.67
4074.28
-2930.49
162.222
2707.76
-4087.11
3193.71
-510.762
-2471.53
4076.01
-3390.3
784.336
2278.78
-4059.48
3532.63
-982.154
-2141.71
4049.14
-3627.63
1106.87
2068.11
-4052.8
3682.48
-1156.88
-2059.36
4076.81
-3699.97
1131.51
2118.08
-4122.93
3676.54
-1029.97
-2245.89
4184.21
-3609.62
848.712
2437.82
-4256.63
3487.86
-584.425
-2688.11
4324.24
-3301.77
236.186
2989.03
-4370.42
3037.07
198.956
-3323.4
4373.97
-2676.79
-715.703
3669.43
-4308.86
2209.08
1306.44
-4002.01
4142.68
-1621.52
-1953.67
4280.41
-3846.37
911.987
2626.66
-4466.18
3389.53
-86.8483
-3286.71
4506.19
-2752.07
-831.384
3878.31
-4352.06
1923.99
1802.31
-4333.41
3958.08
-914.35
-2760.49
4578.38
-3292.24
-240.791
3622.18
-4538.28
2343.07
1471.91
-4284.78
4148.31
-1136.38
-2675.64
4639.17
-3371.71
-259.362
3720.73
-4580.68
2214.24
1723.25
-4456.75
4035.17
-741.528
-3091.96
4730.1
-2983.43
-911.126
4164.8
-4423.1
1484.65
2542.39
-4734.63
3486.77
312.977
-3895.72
4633.47
-1966.39
-2157.9
4703.76
-3775.45
41.785
3735.74
-4741.24
2206.41
1988.46
-4705.39
3891.37
-139.599
-3729.74
4787.44
-2213.42
-2054.13
4767.89
-3848.01
-24.3063
3890.36
-4775.57
1980.18
2354.68
-4879.92
3624.24
455.68
-4193.47
4666.05
-1484.84
-2872.8
4983.43
-3172.14
-1152.37
4577.4
-4381.46
698.932
3552.66
-4979.19
2423.51
2083.53
-4931.25
3812.8
387.828
-4286.54
4723.44
-1320.28
-3166.88
5084.87
-2847.81
-1728.75
4900.87
-4047.55
-146.933
4232.61
-4824.61
1414.26
3184.43
-5141.1
2810.28
1880.61
-5008.17
3935.36
455.33
-4475.43
4721.56
-967.177
-3620.25
5139.57
-2281.56
-2535.25
5194.69
-3406.27
-1317.55
4918.99
-4285.23
-56.9989
4363.01
-4891.7
1165.42
3588.66
-5219.88
2286.34
2661.53
-5283.78
3260.62
1647.23
-5111.15
4057.2
601.919
-4738.73
4663.9
-423.679
-4207.58
5079.19
-1391.55
-3560.12
5314.09
-2271.61
-2835.59
5385.39
-3047.22
-2071.92
5315.06
-3707.95
-1298.97
5128.19
-4252.38
-542.002
4850.31
-4684.15
179.452
4505.42
-5012.32
850.163
4116.01
-5246.31
1463.84
3703
-5401.25
2013.57
3283.44
-5489.19
2499.19
2871.4
-5524.71
2920.59
2477.7
-5521.87
3280.88
2113.2
-5490.96
3585.55
1785.17
-5444
3836.95
1497.19
-5388.93
4042.61
1253.52
-5337.26
4203.24
1056.8
-5292.83
4325.41
908.979
-5260.02
4413.66
812.176
-5243.61
4467.56
765.771
-5246.39
4489.08
770.61
-5269.94
4477.1
827.01
-5312.01
4432.86
936.318
-5370.57
4354.14
1097.52
-5444.09
4236.44
1309.94
-5526.85
4076.28
1571.94
-5613.76
3868.28
1882.7
-5695.71
3607.75
2237.59
-5765.81
3286.87
2631.81
-5809.78
2903.2
3058.82
-5816.97
2450.95
3509.73
-5774.18
1925.47
3972.39
-5663.83
1329.29
4432.39
-5473.09
661.366
4870.87
-5186.71
-73.3784
5265.76
-4790.23
-862.839
5594.64
-4271.38
-1691.88
5829.5
-3623.93
-2538.98
5941.62
-2847.68
-3376.75
5905.38
-1943.38
-4168.14
5692.91
-929.264
-4874.93
5285.06
174.454
-5450.66
4665.4
1328.39
-5850.16
3832.21
2487.82
-6026.94
2794.46
3595
-5938.7
1577.65
4580.66
-5556.83
225.734
5373.91
-4863.21
-1196.82
5902.53
-3861.55
-2608.57
6098.55
-2583.39
-3914.75
5910.56
-1082.54
-5006.67
5307.93
549.939
-5780.5
4293.2
2202.22
-6138.65
2906.26
3737.62
-6010.04
1227.26
5008.23
-5356.83
-616.409
5872.43
-4188.44
-2462.72
6204.82
-2576.35
-4125.87
5921.64
-650.285
-5409.82
5002.01
1406.52
-6138.18
3493.61
3364.49
-6177.4
1529.35
4977.16
-5464.05
-678.706
6009.6
-4034.63
-2861.96
6278.43
-2024.89
-4715.16
5687.07
322.322
-5946.85
4258.17
2683.69
-6326.16
2149.15
4695.61
-5729.19
-349.937
6006.57
-4190.73
-2854.56
6349.31
-1905.35
-4930.95
5596.02
768.36
-6177.08
3815.21
3365.73
-6305.98
1275.47
5380.69
-5222.85
-1570.48
6377.77
-3068.96
-4159.71
6088.9
-231.741
-5932.9
4496.78
2716.95
-6449.12
1880.51
5119.86
-5522.36
-1218.29
6391.86
-3286.26
-4094.27
6160.43
-211.723
-6025.69
4406.13
2978.18
-6474.58
1490.3
5460.07
-5243.76
-1874.72
6533.61
-2578.75
-4791.55
5832.88
851.818
-6418.24
3466.89
4101.89
-6219
44.5249
6199.41
-4163.65
-3452.07
6451.23
-793.137
-5939.7
4688.36
2884.94
-6575.7
1387.61
5687.56
-5068.2
-2428.58
6638.52
-1825.01
-5481.14
5325.56
2103.89
-6667.61
2110.84
5345.45
-5478.19
-1917.21
6686.72
-2250.66
-5296.16
5540.93
1877.85
-6707.13
2245.5
5340.84
-5515.19
-1985.96
6731.6
-2091.7
-5476.35
5397.34
2241.44
-6747.4
1789.4
5693.65
-5172.75
-2636.71
6739.43
-1326.84
-5971.01
4822.55
3164.11
-6671.7
701.451
6276.35
-4321.23
-3801.47
6506.17
89.3761
-6566.44
3640.38
4515.67
-6194.09
-1036.78
6784.35
-2757.05
-5259.51
5681.73
2118.16
-6860.81
1654.68
5961.83
-4919.63
-3289.26
6713.31
-344.147
-6537.81
3863.29
4473.14
-6262.33
-1141.71
6876.77
-2500.56
-5567.83
5432.99
2726.26
-6865.28
847.171
6434.86
-4178.94
-4288.36
6389.54
1021.4
-6919.86
2497.62
5661.66
-5362.99
-2967.2
6861.11
-460.251
-6640.73
3759.81
4787.99
-6127.16
-1782.01
7008.12
-1638.18
-6222.87
4654.86
3981.36
-6578.94
-833.115
6985.05
-2491
-5810.79
5243.15
3350.5
-6821.29
-165.037
6907.82
-3039.55
-5510.75
5582.48
2955.88
-6941.12
202.84
6859.22
-3302.71
-5379.51
5720.88
2828.98
-6988.64
266.254
6878.57
-3295.73
-5443.86
5676.88
2981.63
-6975.72
25.5025
6973.29
-3011.57
-5698.41
5434.83
3405.6
-6877.59
-525.097
7103.82
-2432.3
-6104.23
4956.21
4074.88
-6630.51
-1376.63
7197.81
-1531.36
-6588.98
4176.28
4930.31
-6141.05
-2505.95
7134.45
-292.456
-7029.92
3026.83
5865.03
-5293.35
-3839.71
6768.45
1269.45
-7256.13
1466.96
6713.55
-3979.43
-5241.44
5925.12
3062.1
-7055.33
-486.557
7240.99
-2134.71
-6481.59
4460.08
4895.28
-6205.52
-2706.67
7165.57
200.792
-7242.88
2311.89
6452.86
-4531.81
-4911.13
6207.47
2814.86
-7164.03
-418.781
7310.13
-2007.42
-6655.62
4195.68
5292.02
-5920.7
-3383.01
7016.11
1140.98
-7387.6
1196.37
7017.1
-3397.61
-5965.12
5252.36
4353.02
-6592.81
-2346.69
7310.33
141.146
-7362.44
2053.84
6759.31
-4051.75
-5577.74
5684.5
3935.96
-6824.19
-1981.41
7397.2
-112.925
-7371.84
2179.79
6773.65
-4056.66
-5664.25
5610.65
4144.88
-6736.28
-2339.99
7367.2
387.682
-7476.75
1571.73
7075.41
-3404.08
-6207.79
4992.77
4947.75
-6243.89
-3387.47
7094.17
1638.25
-7503.28
189.84
7464.08
-1987.19
-6997.05
3649.91
6144.11
-5090.39
-4965.74
6242.32
3540.05
-7054.53
-1950.95
7497.82
283.592
-7568.04
1375.62
7276.01
-2948.61
-6649.72
4367.99
5734.69
-5573.1
-4580.68
6523.76
3249.91
-7189.94
-1804.97
7557.11
309.13
-7624.72
1176.85
7404.34
-2597.26
-6917.53
3903.89
6195.42
-5054.14
-5273
6017.78
4191.9
-6773.01
-2996.42
7305.23
1729.01
-7609.81
-432.039
7688.87
-855.541
-7553.61
2097.39
7220.59
-3260.26
-6706.11
4322.55
6037.73
-5259.2
-5238.23
6056.42
4335.83
-6703.63
-3356.15
7197.22
2328.3
-7532.86
-1274.66
7715.27
217.972
-7752.05
818.635
7650.65
-1818.07
-7422.6
2765.36
7081.93
-3645.94
-6639.59
4453.89
6114.64
-5176.48
-5516.9
5813.93
4863.96
-6361.43
-4169.2
6817.49
3444.34
-7185.82
-2703.13
7468.1
1957.12
-7666.44
-1213.06
7788.52
481.022
-7838.9
231.982
7825.42
-917.973
-7752.26
1574.79
7627.55
-2197.9
-7459.06
2782.3
7249.96
-3330.3
-7010.1
3838.93
6746.05
-4306.2
-6461.22
4734.46
6162.48
-5123.71
-5853.84
5476.63
5541.71
-5791.8
-5227.3
6075.04
4916.9
-6327.38
-4613.94
6548.88
4319.72
-6743.26
-4037.34
6913.08
3769.22
-7059.78
-3516.29
7186.86
3281.01
-7296.05
-3065.56
7387.96
2869.67
-7466.43
-2695.71
7529.84
2539.95
-7585.32
-2409.79
7628.05
2299.76
-7664.52
-2214.71
7691.44
2151.85
-7711.45
-2112.73
7724.99
2097.68
-7731.79
-2105.98
7731.87
2138.13
-7724.66
-2193.02
7712.29
2273.31
-7690.49
-2374.78
7662.41
2501.91
-7621.63
-2649.26
7572.49
2820.48
-7510.66
-3013.14
7433.93
3225.35
-7342.53
-3458.21
7233.24
3709.34
-7104.75
-3977.8
6955.49
4264.06
-6779.38
-4560.7
6579.45
4870.9
-6348.77
-5188.21
6088.01
5511.09
-5794.89
-5838.95
5463.09
6161.47
-5097.33
-6480.64
4689.71
6786.42
-4245.23
-7079.09
3757.64
7348.5
-3229.59
-7591.06
2660.96
7799.65
-2053.87
-7968.31
1408.59
8089.15
-729.239
-8156.52
19.111
8162.77
715.961
-8101.76
-1469.4
7968.72
2236.21
-7754.96
-3004.83
7458.19
3767.24
-7072.69
-4511.08
6596.75
5225.83
-6028.03
-5896.44
5369.68
6511.66
-4621.1
-7053.43
3791.85
7512.64
-2883.34
-7870.89
1907.34
8114.34
-877.795
-8231.88
-191.914
8211.18
1283.74
-8042.39
-2375.59
7721.92
3449.3
-7241.87
-4476.89
6605.49
5435.07
-5814.45
-6295.28
4879.92
7033.37
-3813.75
-7622.24
2635.25
8037.61
-1369.13
-8259.36
44.1946
8272.01
1309.39
-8059.69
-2651.45
7618.31
3942.56
-6949.37
-5142.08
6059.43
6204.36
-4968.62
-7092.68
3697.69
7765.08
-2283.73
-8188.48
769.015
8336.29
798.333
-8189.04
-2362.52
7737.87
3862.35
-6988.72
-5239.42
5953.59
6429.11
-4664.99
-7377.02
3163.25
8029.58
-1505.61
-8346.25
-241.565
8299.77
2004.87
-7874.48
-3699.47
7077.33
5244.5
-5929.97
-6557.34
4474.69
7560.31
-2775.95
-8193.67
908.842
8406.11
1030.96
-8170.58
-2940.27
7482.33
4709.52
-6366.32
-6235.14
4868.36
7415.24
-3066.05
-8169.67
1054.93
8433.78
1044.27
-8176.61
-3104.51
7394.29
4989.22
-6119.74
-6565.77
4423.87
7720.85
-2404.58
-8355.98
196.148
8411.48
2051.01
-7865.08
-4176.37
6733.92
6013.96
-5088.32
-7418.62
3036.33
8266.78
-725.79
-8473.79
-1667.34
8003.7
3950.18
-6876.04
-5932.21
5162.44
7435.29
-2992.19
-8315.59
542.005
8480.56
1982.47
-7890.88
-4353.33
6579.52
6348.1
-4650.48
-7773.36
2263.89
8474.46
362.026
-8364.26
-2975.93
7434.05
5322.47
-5750.38
-7152.51
3469.16
8268.8
-805.279
-8531.94
-1966.61
7893.28
4552.37
-6399.51
-6668.77
4189.12
8065.02
-1494.95
-8570.87
-1393.89
8102.17
4146.98
-6689.79
-6439.09
4478.6
7986.78
-1713.52
-8585.91
-1284.48
8138.38
4148.66
-6675.65
-6516.26
4360.06
8076.36
-1465.58
-8606.58
-1643.67
8013
4559.43
-6350.86
-6888.2
3819.4
8300.77
-744.4
-8579.94
-2457.72
7662.23
5338.78
-5650.66
-7478.51
2813.11
8553.72
457.641
-8380.15
-3684.12
6960.11
6384.7
-4477.71
-8135.24
1291.2
8643.9
2115.38
-7810.19
-5216.29
5734.65
7507.94
-2728.01
-8608.96
-746.005
8309.55
4120.35
-6632.8
-6831.99
3833.08
8410.52
-364.588
-8564.04
-3190.64
7237.84
6216.47
-4633.38
-8165.29
1191.68
8671.2
2487.21
-7615.76
-5740.01
5159.93
7956.74
-1734.72
-8709.07
-2039.71
7824.42
5450.46
-5443.9
-7838.8
1997.92
8722.45
1860.43
-7899.17
-5375.39
5502.06
7838.94
-1984.94
-8734.08
-1956.09
7851.32
5519.83
-5341.17
-7958.48
1700.6
8741.17
2322.31
-7671.93
-5873.81
4948.18
8177.81
-1133.12
-8708.92
-2951.22
7323.09
6406.38
-4294.36
-8444.06
281.21
8581.1
3821.36
-6750.98
-7065.94
3348.04
8683.25
855.192
-8270.32
-4882.36
5888.81
7764.63
-2082.16
-8791.53
-2252.71
7679.32
6057.23
-4672.67
-8385.3
487.879
8631.78
3844.23
-6698.78
-7223.01
3048.72
8768.68
1403.75
-8056.27
-5517.05
5234.37
8203.03
-1017.39
-8729.49
-3493.86
6920.75
7085.85
-3236.37
-8776.02
-1351.53
8069.43
5590.14
-5127.4
-8297.65
738.356
8690.06
3878.6
-6625.68
-7416.48
2658.69
8844.48
2096.07
-7716.04
-6261.95
4328.99
8611.96
352.591
-8422.26
-4951.98
5712.77
8085.67
-1268.95
-8786.59
-3581.9
6805.62
7355.37
-2719.1
-8871.33
-2232.99
7623.2
6505.89
-3970.43
-8742.76
-961.695
8200.45
5608.47
-5016.82
-8464.63
189.972
8573.85
4719.02
-5867.08
-8092.99
1205.28
8790.61
3880.77
-6541.22
-7680.43
2071.67
8890.35
3124.35
-7062.78
-7270.6
2786.93
8913.87
2477.85
-7448
-6892.89
3354.69
8890.83
1947.41
-7728.17
-6574.47
3785.07
8850.53
1544.68
-7919.49
-6333.37
4083.49
8813.43
1276.79
-8035.87
-6182.86
4254.36
8791.48
1143.84
-8088.04
-6127.65
4305.69
8793.67
1145.24
-8083.63
-6175.34
4233.89
8819.61
1283.29
-8016.06
-6317.67
4041.83
8866.75
1556.81
-7883.09
-6552.89
3722.51
8921.47
1963.25
-7668.56
-6866.8
3270.61
8966.61
2494.92
-7359.79
-7245.87
2675.39
8978.2
3146.43
-6935.49
-7663.72
1936.09
8928.46
3906.45
-6368.65
-8090.43
1045.25
8779.05
4749.2
-5640.21
-8486.65
8.16578
8492.05
5645.87
-4726.46
-8804.04
-1165.31
8024.3
6554.54
-3615.22
-8990.46
-2451.88
7333.55
7416.85
-2304.23
-8982.79
-3809.66
6385.25
8168.26
-800.847
-8717.85
-5181.91
5156.26
8732.32
863.958
-8136.67
-6491.84
3639.03
9016.44
2626.79
-7188.79
-7640.37
1852.45
8937.03
4408.82
-5843.35
-8514.46
-149.921
8409.34
6088.58
-4103.46
-8995.31
-2278.84
7376.02
7528.51
-2009.78
-8963.32
-4398.88
5813.66
8567.32
338.102
-8325.27
-6337.42
3751.63
9048.31
2796.49
-7021.4
-7892.99
1283.8
8827.74
5152.97
-5065.01
-8858.67
-1424.46
7813.17
7162.76
-2544.16
-9037.99
-4125.44
5989.45
8557.94
353.016
-8296.4
-6519.59
3443.01
9085.34
3338.42
-6590.29
-8271.59
389.209
8563.04
6049.19
-4008.24
-9072.36
-2843.17
6921.98
8084.77
-792.066
-8685.97
-5811.43
4260.99
9060.91
2659.12
-7027.3
-8040.83
860.949
8701.31
5829.75
-4212.32
-9077.8
-2796.38
6915.49
8150.26
-596.187
-8613
-6098.96
3865.84
9112.18
3247.33
-6573.32
-8391.24
-1.95111
8389.83
6595.73
-3198.91
-9115.32
-3991.67
5961.98
8708.02
935.57
-7965.41
-7260.91
2191.53
9006.46
4988.9
-5024
-9003.97
-2183.24
7253.09
8003.22
-822.697
-8665.22
-6157.84
3697.79
9143.71
3696.87
-6149.81
-8682.13
-897.787
7951.67
7368.31
-1947.69
-8957.1
-5369.41
4564.81
9107.79
2903.58
-6724.1
-8430.9
-215.282
8252.8
7022.92
-2451.31
-9049.63
-5044.29
4866.42
9083.81
2683.75
-6849.77
-8389.56
-147.922
8265.66
7061.05
-2352.63
-9032.53
-5227.56
4639.87
9130.51
3050.39
-6557.19
-8585.04
-698.902
7993.16
7471.26
-1654.7
-8876.61
-5894.02
3857.99
9180.96
3975.69
-5783.87
-8921.59
-1855.53
7330.26
8147.24
-328.579
-8429.19
-6930.47
2453.39
9047.64
5366.51
-4403.82
-9180.97
-3558.61
6090.06
8851.08
1611.68
-7445.64
-8103.23
371.529
8427.56
7003.12
-2291.72
-9012.83
-5621.79
4070.64
9202.44
4037.45
-5640.09
-9017.1
-2329.52
6955.76
8490.83
575.079
-7978.61
-7665.37
1159.08
8696.6
6594.64
-2809.01
-9104.38
-5335.15
4326.01
9213.16
3943.31
-5669.01
-9040.02
-2469.76
6813.25
8617.08
970.133
-7738.58
-7973.75
512.808
8438.2
7149.4
-1938.51
-8912.46
-6178.66
3278.25
9169.86
5100.78
-4503.16
-9223.15
-3951.19
5596.85
9091.09
2762.67
-6546.55
-8793.79
-1563.91
7349.26
8354.25
378.896
-8002.31
-7797.05
765.476
8506.5
7143.9
-1855.85
-8872.4
-6418.9
2879.1
9107.37
5639.49
-3826.16
-9225.76
-4830.71
4687.36
9236.14
4004.88
-5462.04
-9154.14
-3177.53
6151.37
8993.45
2362.12
-6754.19
-8768.09
-1570.97
7274
8490.02
811.483
-7714.92
-8170.02
-86.6559
8086.05
7823.51
-592.477
-8389.8
-7456.99
1226.41
8634.68
7081.47
-1813.35
-8828.54
-6707.43
2347.63
8975.24
6336.07
-2837.77
-9086.63
-5981.69
3274.45
9164.18
5644.2
-3664.64
-9215.06
-5327.57
4010.09
9247.96
5041
-4308.19
-9263.59
-4781.79
4565.8
9269.06
4556.25
-4780.04
-9267.15
-4364.64
4954.5
9261.23
4208.02
-5093.43
-9255.9
-4089.46
5194.01
9250.26
4008.94
-5256.55
-9245.13
-3964.27
5286.05
9245.29
3960.45
-5279.22
-9247.95
-3994.46
5237.43
9254.99
4067.04
-5161.71
-9263.43
-4175.83
5048.77
9272.72
4324.37
-4896.38
-9280.48
-4506.25
4709.64
9285.66
4724.62
-4479.92
-9282.4
-4974.48
4210.12
9267.74
5254.46
-3895.45
-9237.22
-5560.06
3538.86
9188.52
5892.93
-3133.45
-9112.41
-6241.11
2684.58
9005.64
6604.5
-2186.33
-8862.71
-6979.07
1638.07
8673.87
7352.84
-1043.21
-8433.81
-7720.8
402.715
8138.33
8075.3
282.042
-7779.13
-8405.24
-1007.7
7349.31
8700.78
1766.94
-6846.59
-8950.81
-2554.83
6263.4
9142.28
3363.33
-5596.07
-9262.98
-4179.58
4846.9
9300.95
4991.66
-4014.65
-9243.58
-5786.81
3101.37
9079.81
6550.02
-2110.62
-8794.22
-7258.02
1053.91
8381.49
7895.49
57.304
-7832.1
-8440.58
-1211.15
7139.7
8869.51
2383.58
-6306.73
-9164.23
-3557.27
5330.31
9299.94
4701.07
-4223.13
-9262.43
-5790.14
2996.82
9033.26
6791.89
-1666.12
-8597.46
-7669.97
260.229
7951.4
8394.45
1194.2
-7090.29
-8927.1
-2656.59
6022.57
9240.42
4087.96
-4762.41
-9305.03
-5441.63
3331.56
9098.17
6667.7
-1762.68
-8605.39
-7714.88
99.8532
7823.17
8534.24
1604.11
-6758.71
-9080.55
-3295.49
5427.86
9310.86
4902.59
-3865.46
-9196.32
-6358.88
2119.66
8716.05
7591.07
-250.744
-7869.05
-8534.43
-1668.62
6665.49
9126.1
3554.79
-5140.41
-9318.33
-5316.35
3347.29
9074.69
6857.1
-1356.19
-8382.51
-8088.96
-740.014
7252.09
8928.24
2837.93
-5716.3
-9304.32
-4819.96
3840.7
9172.76
6566.42
-1715.82
-8513.38
-7963.91
-550.476
7334.9
8905.73
2819.18
-5687.39
-9310.52
-4948.93
3650.67
9123.72
6794.52
-1338.83
-8326.25
-8210.84
-1099.89
6945.26
9080.7
3499.33
-5051.58
-9314.94
-5683.51
2758.11
8863.6
7475.15
-225.629
-7734.1
-8722.16
-2365.45
5979.45
9294.69
4803.02
-3717.16
-9118.51
-6879.23
1115.87
8175.11
8403.91
1618.8
-6513.75
-9217.33
-4248.71
4251.53
9217.92
6531.94
-1569.99
-8367.98
-8236.02
-1291.57
6717.46
9178.85
4070.18
-4390.4
-9233.02
-6479.08
1598.81
8361.28
8262.06
1390.71
-6617.58
-9208.98
-4271.84
4152.24
9185.75
6729.86
-1205.84
-8157.33
-8475.06
-1909.13
6203.54
9283.71
4842.72
-3515.62
-9028.51
-7245.35
385.895
7703.16
8812.96
2829.47
-5427.35
-9320.05
-5729.63
2454.8
8669.97
7942.13
861.483
-6904.55
-9155.2
-4102.71
4218.08
9177.79
6835.3
-938.25
-7963.47
-8667.82
-2500.95
5644.75
9321.61
5628.7
-2507.73
-8662.32
-7986.41
-1020.58
6746.01
9207
4436.34
-3813.71
-9070.39
-7219.8
280.558
7559.01
8928.91
3329.09
-4864.02
-9265.73
-6454.25
1375.54
8133.38
8575.11
2366.32
-5674.11
-9318.28
-5753.11
2255.85
8520.29
8210.82
1574.59
-6271.37
-9290.93
-5168.99
2920.65
8766.97
7891.99
974.117
-6686.1
-9231.83
-4725.65
3384.47
8911.6
7650.52
569.014
-6942.55
-9177.75
-4447.52
3652.55
8983.37
7514.98
365.933
-7056.4
-9150.52
-4344.73
3732.51
8997.62
7494.59
362.024
-7039.44
-9159.87
-4417.4
3629.45
8959.02
7591.56
556.212
-6890.72
-9200.89
-4661.31
3343.75
8860.76
7798.3
952.315
-6596.91
-9257.56
-5069.61
2863.26
8679.79
8090.96
1539.43
-6143.28
-9303.03
-5623.46
2183.68
8385.24
8438.13
2311.47
-5504.15
-9292.76
-6293.12
1297.37
7938.83
8795.94
3252.92
-4653.14
-9175.92
-7037.69
201.681
7292.05
9101.94
4329.85
-3567.81
-8888.12
-7796.85
-1088.76
6399.64
9284.13
5497.71
-2233.45
-8359.52
-8494.6
-2549.39
5216.52
9251.25
6680.11
-654.504
-7519.89
-9029.74
-4118.05
3717.53
8910.58
7781.23
1137.11
-6309.94
-9289.84
-5703.52
1907.89
8169.86
8671.51
3067.71
-4691.56
-9150.26
-7180.94
-174.831
6950.06
9206.28
5020.94
-2672.56
-8495.68
-8388.62
-2434.73
5212.68
9229.82
6828.82
-314.23
-7236.55
-9138.6
-4710.71
2975.27
8601.57
8284.08
2250.29
-5331.97
-9237.96
-6785.15
332.005
7218.3
9147.38
4804.05
-2827.38
-8520.83
-8385.75
-2520.87
5062.44
9190.11
7055.37
120.483
-6892.7
-9220.07
-5287.68
2228.86
8232.33
8660.98
3231.47
-4379.14
-9029.47
-7588.43
-1034.91
6212.74
9277.89
6107.67
-1161.86
-7649.51
-9007.75
-4334.52
3235.43
8639.61
8273.47
2388.17
-5086.67
-9170.85
-7152.46
-382.149
6638.03
9251.86
5732.56
-1581.4
-7845.55
-8921.94
-4107.01
3415.1
8683.18
8231.04
2363.21
-5055.25
-9150.1
-7240.31
-585.63
6449.87
9261.15
6016.65
-1155.52
-7570.94
-9048
-4630.33
2798.36
8404.11
8550.25
3149.23
-4291.14
-8948.25
-7812.17
-1626.02
5607.7
9219.03
6884.71
116.397
-6723.92
-9237.45
-5815.55
1336.93
7627.95
9029.96
4652.57
-2697.59
-8321.2
-8631.05
-3436.86
3944.2
8812.29
8074.17
2206.32
-5058.55
-9111.75
-7391.07
-993.346
6029.95
9239.71
6616.09
-178.743
-6857.87
-9216.79
-5778.01
1290.08
7544.06
9064.1
4904.42
-2324.43
-8096
-8805.42
-4017.65
3273.07
8520.42
8460.37
3138.55
-4130.8
-8833.13
-8054.63
-2284.94
4896.63
9045.42
7602.91
1467.65
-5570.91
-9172.98
-7125.71
-696.577
6157.22
9226.08
6633.8
-22.6698
-6662.82
-9223.89
-6146.15
683.361
7092.28
9175.17
5671.33
-1281.16
-7452.01
-9093.79
-5217.56
1818.26
7749.6
8990.74
4796.67
-2292.14
-7993.86
-8874.54
-4410.36
2705.72
8191.79
8754.92
4065.69
-3057.56
-8346.8
-8639.6
-3768.28
3351.34
8468.21
8534.01
3517.96
-3588.32
-8558.01
-8441.72
-3317.27
3770.68
8622.93
8370.38
3169.38
-3901.17
-8666.44
-8320.23
-3074.22
3977.6
8686.95
8292.18
3032.01
-4003.91
-8690.33
-8288.64
-3041.71
3979.51
8674.84
8310.45
3105.57
-3904.29
-8640.51
-8355.77
-3222.9
3775.83
8583.51
8421.28
3390.72
-3596.3
-8504.42
-8506.26
-3608.88
3363.12
8397.98
8605.28
3873.97
-3076
-8260.43
-8715.17
-4186.85
2731.2
8086.36
8827.74
4540.59
-2328.52
-7870.25
-8938.1
-4932.65
1867.78
7606.71
9037.37
5356.67
-1348.33
-7288.45
-9116.52
-5807.96
768.054
6907.84
9164.03
6276.08
-130.169
-6459.88
-9169.92
-6751.59
-562.776
5937.44
9123.12
7225.4
1307.57
-5334.11
-9008.23
-7679.98
-2092.66
4651.31
8816.89
8105.38
2916.3
-3879.69
-8532.26
-8482.65
-3764.82
3020.59
8142.71
8792.27
4619.1
-2083
-7641.1
-9017.85
-5467.76
1064.76
7013.2
9137.79
6286.83
17.8523
-6256.37
-9130.86
-7052.88
-1154.98
5364.92
8980.16
7741.82
2324.79
-4342.95
-8666.65
-8323.38
-3503.91
3195.54
8175.77
8769.98
4665.85
-1934.19
-7496.3
-9048.76
-5770.63
582.299
6622.17
9133.42
6786.46
835.428
-5556.23
-8997.75
-7669.65
-2282.31
4308.06
8618.74
8377.59
3717.97
-2897.76
-7985.16
-8870.98
-5095.34
1352.56
7087.4
9105.53
6356.08
283.687
-5933.24
-9049.5
-7445.16
-1962.65
4538.11
8675.66
8303.03
3620.62
-2935.87
-7968.27
-8873.48
-5188.81
1174.07
6927.32
9104.9
6589.36
683.7
-5569.87
-8958.74
-7747.43
-2563.41
3931.56
8410.46
8585.89
4374.63
-2067.49
-7451.27
-9035.27
-6018.94
55.7769
6098.41
9043.06
7399.95
2009.45
-4394.75
-8573.7
-8417.69
-4012.36
2413.18
7619.31
8987.94
5836.41
-245.437
-6200.71
-9042.74
-7352.29
-1983.26
4374.3
8543.36
8446.24
4137.79
-2229.82
-7484.14
-9012.66
-6063
-106.751
5900.06
8980.86
7614.36
2482.81
-3872.26
-8311.65
-8649.84
-4726.13
1521.08
7016.5
9062.66
6659.32
991.904
-5157.56
-8779.12
-8105.81
-3473.84
2851.22
7783.33
8919.69
5714.1
-267.302
-6116.29
-8993.39
-7507.63
-2385.63
3888
8277.63
8665.9
4872.2
-1267.75
-6793.86
-9047.09
-6948.6
-1513.99
4644.06
8572.3
8392.02
4195.46
-2005.16
-7243.62
-9021.67
-6498.28
-880.849
5152.94
8733.21
8163.17
3719.23
-2484.59
-7507.14
-8974.59
-6198.34
-496.26
5437.35
8803.81
8021.27
3464.72
-2718.72
-7621.06
-8944.24
-6073.5
-359.253
5519.27
8813.95
7990.69
3439.34
-2712.67
-7597.29
-8943.75
-6130.93
-472.289
5401.16
8767.58
8072.4
3642.49
-2468.63
-7435.7
-8968.94
-6366.15
-832.28
5080.97
8655.07
8252.42
4063.87
-1984.61
-7120.73
-8996.06
-6758.31
-1436.1
4538
8440.23
8496.66
4686.74
-1251.37
-6617.09
-8977.5
-7266.85
-2266.99
3755.54
8077.68
8749.29
5473.06
-267.388
-5883.37
-8849.61
-7835.84
-3303.8
2706.79
7500.47
8933.18
6369.02
960.077
-4874.48
-8531.15
-8383.33
-4502.61
1379.1
6643.75
8955.69
7293.54
2399.43
-3552.72
-7929.86
-8800.85
-5785.22
-220.022
5438.79
8700.17
8132.33
3990.83
-1900.36
-6953.94
-8957.44
-7038.84
-2042.52
3842.44
8046.19
8738.46
5622.88
61.0537
-5524.23
-8704.37
-8104.03
-3990.08
1849.9
6885.87
8941.51
7132.06
2244.3
-3607.65
-7900.74
-8790.97
-5900.12
-475.6
5149.74
8562.76
8305.09
4493.71
-1236.91
-6435.83
-8884.21
-7542.66
-2988.32
2834.87
7448.54
8896.16
6567.33
1454.59
-4271.17
-8185.08
-8634.8
-5436.71
53.822
5518.42
8655.3
8148.5
4215.69
-1485.4
-6558.18
-8878.53
-7478.57
-2949.62
2808.93
7390.69
8885.52
6674.46
1684.44
-4003.2
-8022.82
-8708.33
-5780.97
-458.74
5050.73
8465.99
8379.68
4833.55
-705.463
-5950.55
-8741
-7932.23
-3863.01
1789.32
6703.54
8867.52
7398.69
2903.83
-2774.87
-7316.91
-8870.88
-6808.34
-1975.56
3657.3
7801.14
8775.13
6187.59
1093.62
-4438.45
-8171.72
-8601.03
-5556.94
-273.31
5116.96
8443.83
8371.93
4935.6
-480.063
-5699.59
-8631.7
-8106.55
-4338.86
1160.18
6191.63
8750.53
7821.64
3779.84
-1762.9
-6601.54
-8816.29
-7532.62
-3265.11
2292.2
6939.64
8841.5
7252.63
2805.05
-2745.25
-7211.43
-8838.42
-6992.36
-2402.89
3126.13
7425.89
8817.08
6759.89
2063.05
-3435.74
-7591.53
-8787.18
-6561.72
-1786.27
3678.9
7712.83
8754.38
6403.56
1576.58
-3856.2
-7796.4
-8724.98
-6289.53
-1432.84
3973.01
7847.24
8704.59
6221.87
1356.33
-4025.66
-7863.72
-8693.48
-6203.23
-1346.91
4020.27
7851.85
8693.22
6230.6
1404.02
-3952.15
-7807.02
-8703.11
-6305.81
-1525.75
3826.48
7731.02
8720.05
6425.21
1714.59
-3637.83
-7619.96
-8740.72
-6585.68
-1966.27
3385.93
7469.11
8760.61
6784.63
2282.07
-3067.27
-7271.92
-8771.69
-7013.8
-2655.83
2683.1
7025.12
8766.34
7267.06
3086.47
-2229.18
-6720.63
-8735.48
-7535.8
-3567.99
1705.22
6350.1
8666.36
7807.92
4094.72
-1111.32
-5907.81
-8547.22
-8071.77
-4658.56
446.675
5386.19
8367.74
8313.21
5248.45
286.629
-4776.08
-8109.38
-8514.28
-5849.77
-1080.01
4074.56
7761.17
8658.99
6448.85
1928.1
-3279.79
-7310.36
-8725.13
-7023.19
-2817.27
2389.39
6742.49
8693.57
7552.57
3730.85
-1412
-6051.26
-8544.76
-8013.63
-4650.77
351.316
5226.44
8256.04
8375.9
5550.71
777.674
-4266.35
-7810.64
-8614.57
-6402.84
-1953.67
3176.39
7194.19
8699.06
7171.97
3149.61
-1965.14
-6393.48
-8599.7
-7821.65
-4334.6
649.636
5406.43
8292.49
8314.1
5469.42
742.896
-4236.42
-7755.89
-8607.89
-6505.09
-2174.27
2898.68
6976.78
8666.63
7395.2
3601.69
-1417.43
-5950.54
-8455.14
-8082.63
-4965.72
-166.561
4686.54
7948.68
8518.76
6209.7
1805.41
-3205.83
-7132.43
-8654.4
-7264.23
-3432.86
1548.41
6006.35
8448.14
8060.37
4977.15
231.745
-4587.94
-7872.86
-8531.59
-6349.75
-2057.74
2915.43
6917.4
8622.02
7468.15
3843.29
-1049.46
-5592.48
-8286.71
-8246.12
-5488.16
-926.145
3937.23
7503.81
8603.93
6881.95
2906.61
-2016.95
-6276.94
-8484.08
-7921.27
-4775.57
-75.8195
4644.77
7851.89
8506.93
6400.85
2221.35
-2674.17
-6701.15
-8559.18
-7651.27
-4275.36
476.293
5071.54
8031.88
8407.65
6083.18
1809.37
-3041.73
-6915.38
-8573.9
-7491.23
-4017.25
735.566
5250.89
8091.2
8355.36
5964.3
1681.52
-3131.7
-6948.75
-8562.45
-7467.22
-4013.62
705.141
5198.69
8050.75
8365.79
6049.46
1834.48
-2953.56
-6812.05
-8532.85
-7582.49
-4261.48
389.355
4914.3
7903.66
8429.19
6331.36
2266.29
-2499.72
-6486.33
-8459.93
-7811
-4745.34
-215.468
4378.53
7617.8
8505.86
6773.74
2957.71
-1764.12
-5939.87
-8290.77
-8098.48
-5426.8
-1097.45
3564.86
7135.57
8526.58
7318.08
3882.35
-732.218
-5120.88
-7951.36
-8367.94
-6247.63
-2237.08
2446.41
6387.23
8397.48
7873.87
4978.12
585.377
-3980.81
-7346.64
-8504.44
-7111.73
-3589.15
1005.72
5296.46
8001.23
8315.7
6150.78
2155.56
-2478.12
-6371.41
-8369.83
-7882.75
-5058.35
-737.463
3798.77
7208.12
8485.34
7257.89
3892.39
-617.393
-4942.6
-7811.13
-8383.66
-6497.09
-2707.36
1873.12
5901.43
8201.69
8105.54
5644.69
1540.58
-3009.32
-6680.44
-8407.17
-7691.74
-4745.85
-426.816
4012.7
7288.63
8456.25
7181.83
3836.3
-612.885
-4881.23
-7742.24
-8377.87
-6608.05
-2944.04
1559.79
5613.6
8059.61
8201.47
6003.06
2093.84
-2409.07
-6221.97
-8263.53
-7956.14
-5391.15
-1299.95
3156.94
6716.82
8374.92
7666.22
4794.48
573.415
-3805.47
-7110.67
-8415.84
-7356.87
-4233.77
73.7315
4356.34
7417.61
8403.78
7041.93
3717.08
-640.865
-4817.23
-7650.46
-8356.24
-6741.33
-3256.95
1127.14
5195.53
7823.84
8288.5
6464.59
2860.25
-1529.16
-5495.32
-7947.39
-8214.02
-6226.15
-2532.49
1852.32
5726.54
8031.9
8141.19
6028.86
2274.19
-2097.26
-5894.54
-8086.88
-8080.74
-5882.33
-2091.01
2264.04
6002.6
8116.37
8036.64
5788.8
1982.79
-2355.34
-6056.32
-8125.77
-8011.94
-5749.11
-1947.38
2373.05
6055.53
8116.61
8009.5
5765.74
1986.71
-2317.72
-6002.7
-8090.29
-8028.96
-5838.46
-2102.91
2185.81
5893.83
8041.75
8064.4
5960.2
2287.79
-1983.73
-5730.29
-7969.34
-8116.09
-6134.43
-2546.37
1704.86
5506.07
7866.71
8172.95
6348.02
2871.93
-1348.7
-5216.28
-7725.89
-8229.42
-6600.32
-3263.27
916.209
4855.51
7537.42
8273.62
6876.52
3709.8
-408.047
-4418.47
-7291.28
-8291.15
-7166.33
-4208.54
-176.172
3898.87
6975.15
8269.59
7456.17
4746.22
830.68
-3293.39
-6577.53
-8191.3
-7728.44
-5310.63
-1552.54
2595.55
6085.42
8038.56
7965.59
5888.22
2332.02
-1807.2
-5489.3
-7792.93
-8143.61
-6455.86
-3155.59
930.139
4780.65
7436.22
8238.76
6991.44
4007.21
29.9685
-3951.05
-6949.25
-8225.54
-7466.19
-4862.13
-1059.89
3000.56
6318.35
8078.82
7850.99
5693.86
2140.65
-1934.28
-5531.62
-7772.49
-8111.88
-6469.69
-3249.44
761.118
4582.86
7285.97
8215.96
7149.12
4348.12
495.508
-3474.05
-6599.93
-8128.29
-7693.13
-5401.94
-1809.72
2214.64
5702.78
7818.21
8054.43
6357.91
3139.68
-827.775
-4594.96
-7260.5
-8190.39
-7166.64
-4436.06
-650.985
3286.04
6438.5
8060.32
7769.5
5638.01
2174.32
-1800.94
-5348.68
-7630.69
-8111.16
-6681.04
-3679.58
184.252
4001.99
6878.33
8139.42
7492.89
5093.32
1505.31
-2430.94
-5796.93
-7808.98
-8001.37
-6331.34
-3190.84
687.507
4403.64
7096.23
8143.79
7306.39
4780.74
1153.79
-2736
-5992.25
-7867.02
-7931.12
-6172.54
-2998.63
860.164
4519.15
7141.39
8128.02
7257.12
4731.62
1128.37
-2729.68
-5962.78
-7837.89
-7931.09
-6223.95
-3107.07
710.945
4364.73
7028.84
8103.97
7349.92
4939.42
1418.16
-2418.91
-5708.93
-7715.21
-7988.69
-6471.09
-3505.53
241.37
3930.54
6739.91
8043.72
7553.99
5383.16
2016.04
-1796.74
-5206.68
-7459.22
-8057.9
-6872.26
-4167.98
-545.536
3195.03
6228.62
7887.35
7808.97
6013.1
2897.65
-850.937
-4409.76
-6999.96
-8056.62
-7350.97
-5040.24
-1631.67
2129.62
5424.64
7536.75
8008.65
6741.13
4012.78
417.248
-3266.36
-6240.5
-7863.57
-7787.31
-6031.42
-2977.44
714.968
4249.99
6869.63
8012.83
7435.51
5266.39
1972.44
-1742.17
-5081.71
-7333.28
-8019.32
-6996.39
-4485.84
-1023.31
2653.81
5764.41
7651.33
7916.18
6505.08
3719.48
151.297
-3445.54
-6313.6
-7849.41
-7733.6
-5992.51
-2993.46
630.881
4119.7
6743.34
7954.56
7502.08
5483.5
2323.52
-1317.76
-4682.15
-7070.3
-7987.45
-7245.67
-5001.32
-1722.34
1910.22
5144.54
7313.62
7972.14
6986.04
4561.31
1200.43
-2404.6
-5513.28
-7487.65
-7925.46
-6739.77
-4176.02
-761.595
2805.73
5798.08
7606.66
7864.4
6521.62
3855.09
407.97
-3119.42
-6012.28
-7684.87
-7801.27
-6341.4
-3602.93
-140.325
3348.58
6160.7
7730.8
7746.24
6207.54
3425.12
-41.0224
-3496.01
-6249.87
-7752.56
-7706.79
-6125.06
-3324.2
136.72
3567.56
6286.23
7755.29
7685.95
6094.57
3299.56
-146.09
-3560.57
-6269.36
-7740.72
-7686.39
-6120.09
-3351.95
72.6858
3479.27
6200.76
7706.9
7704.7
6196.66
3480.25
87.3977
-3319.64
-6077.4
-7651.25
-7737.99
-6322.8
-3681.5
-329.434
3082.24
5895.58
7568.96
7780.13
6490.65
3952.51
655.7
-2764.49
-5650.44
-7450.42
-7821.03
-6693.79
-4287.35
-1062.45
2363.53
5334.71
7286.34
7849.57
6919.01
4674.29
1544.05
-1875.48
-4936.99
-7062.31
-7849.85
-7153.52
-5107.27
-2099.49
1301.5
4454.51
6767.03
7806.75
7380.42
5570.95
2719.83
-638.169
-3874.56
-6384.33
-7700.28
-7579.99
-6047.86
-3391.38
-107.052
3194.23
5900.48
7511.19
7729.69
6518.47
4103.66
932.475
-2407.07
-5299.85
-7215.6
-7802.76
-6955.73
-4832.38
-1823.74
1516.62
4576.19
6796.2
7772.39
7329.89
5551.43
2762.56
-526.564
-3716.98
-6229.73
-7610.16
-7610.25
-6232.66
-3727.94
-550.131
2723.83
5502.11
7286.89
7759.12
6834.69
4682.16
1690.55
-1601.75
-4603.54
-6778.37
-7739.32
-7317.32
-5589.29
-2865.73
365.668
3530.14
6064.52
7518.55
7636.71
6401.1
4032.14
951.619
-2294.45
-5132.62
-7062.14
-7745.43
-7064.42
-5141.22
-2315.19
915.572
3981.9
6347.85
7600.9
7522.73
6129.29
3666.95
566.792
-2629.53
-5364.72
-7165.26
-7718.98
-6931.63
-4943.41
-2099.48
1105.28
4115.88
6413.77
7601.99
7477.92
6066.43
3611.89
537.814
-2625.05
-5334.8
-7128.27
-7699.16
-6952.84
-5018.12
-2226.96
941
3945.46
6275.88
7537.08
7516.28
6218.24
3866.49
862.047
-2286.22
-5045.64
-6949.88
-7678.52
-7111.66
-5347.86
-2684.96
427.363
3465.29
5919.5
7378.04
7598.82
6548.33
4403.8
1525.19
-1605.51
-4465.78
-6579.88
-7597.88
-7351.4
-5883.66
-3440.94
-430.458
2648.15
5286.7
7049.53
7647.11
6981.88
5166.57
2502.68
-571.976
-3549.53
-5941.18
-7356.74
-7565.77
-6535.74
-4437.44
-1616.56
1466.03
4307.34
6444.32
7530.66
7391.58
6051.39
3730.33
806.509
-2245.15
-4930.58
-6817.42
-7601.68
-7158.32
-5561.35
-3070.09
-87.1231
2906.89
5431.81
7083.67
7598.26
6895.37
5090.5
2474.2
-535.462
-3457.74
-5826.51
-7265.52
-7547.11
-6629.46
-4661.06
-1955.56
1058.13
3902.59
6126.88
7380.89
7469.47
6380.36
4286.33
1520.03
-1482.23
-4250.02
-6348.65
-7449.9
-7383.87
-6162.73
-3978.67
-1175.33
1808.44
4508.21
6504.01
7486.38
7304.3
5988.07
3744.37
922.016
-2040.26
-4684.03
-6602.5
-7500.06
-7240.07
-5864.5
-3588.03
-762.506
2178.79
4783.77
6652.12
7499.83
7199.93
5798.71
3512.59
693.884
-2227.74
-4809.21
-6657.26
-7490.49
-7185.65
-5791.46
-3520.03
-717.266
2191.27
4766.07
6619.3
7472.59
7199.06
5842.22
3607.98
833.408
-2063.8
-4648.7
-6534.69
-7441.57
-7235.34
-5947.77
-3773.07
-1037.7
1849.43
4458.65
6403.2
7394.99
7288.44
6102.37
4013.53
1331.27
-1544.74
-4188.97
-6213.67
-7321.34
-7350.14
-6297.07
-4319.38
-1710.25
1147.96
3836.11
5960.19
7210.82
7406.34
6520.78
4685.49
2168.53
-661.732
-3392.99
-5629.15
-7046.6
-7441.47
-6758
-5097.02
-2700.41
83.721
2852.88
5208.72
6812.34
7434.55
6987.93
5538.08
3294.65
581.088
-2213.43
-4689.07
-6492.33
-7367.25
-7190.97
-5990.23
-3937.82
-1326.62
1471.24
4056.9
6065
7212.57
7338.07
6426.03
4607.19
2139.92
-626.663
-3302.8
-5511.89
-6944.4
-7400.82
-6817.67
-5278.82
-3003.32
-309.273
2426.51
4820.79
6540.71
7347.16
7129.89
5921.24
3891.18
1322.36
-1428.8
-3978.53
-5974.7
-7143.53
-7324.63
-6494.4
-4768.6
-2388.07
318.088
2978.7
5228.56
6758.76
7360.53
6954.26
5596.92
3475.14
880.778
-1831.2
-4290.99
-6164.55
-7198.2
-7252.56
-6322.49
-4535.54
-2135.34
551.985
3162.88
5344.1
6801.79
7340.16
6888.98
5511.68
3394.66
823.001
-1857.47
-4286.44
-6138.47
-7167.48
-7237.74
-6340.77
-4598.06
-2244.22
406.162
3000.1
5192.98
6694.54
7307
6950.48
5673.78
3648.15
1141.75
-1513.53
-3966.38
-5894.57
-7045.53
-7269.04
-6536.78
-4946.63
-2709.81
-120.566
2483.11
4760.04
6412.2
7226.35
7098.34
6045.37
4206.39
1822.73
-796.036
-3309.35
-5391.42
-6773.9
-7278.02
-6840.49
-5521.07
-3490.96
-1012.47
1594.39
3995.06
5879.99
7007.02
7234.57
6535.46
5000.68
2827.06
293.919
-2273.8
-4549.36
-6243.16
-7141.61
-7131.6
-6214.82
-4510.17
-2235.37
320.798
2833.98
4986.36
6507.45
7206.33
6996.01
5905.73
4073.33
1729.92
-828.645
-3281.03
-5319.83
-6690.6
-7223.05
-6853.03
-5628.04
-3701.79
-1315.95
1231.65
3623.36
5562.61
6810.58
7212.92
6720.84
5398.06
3408.45
999.172
-1530.36
-3869.07
-5729.46
-6883.63
-7190.5
-6613.6
-5226.23
-3199.37
-782.852
1726.58
4023.69
5827.61
6918.74
7166.47
6541.38
5120.45
3079.13
666.49
-1825.57
-4094.24
-5865.15
-6925.49
-7148.34
-6508.39
-5084.23
-3048.95
-648.53
1827.77
4082.41
5845.17
6905.76
7138.34
6516.98
5117.49
3108.03
729.702
-1733.71
-3989.51
-5768.08
-6858.48
-7134.61
-6564.53
-5216.63
-3252.55
-905.379
1546.44
3813.09
5629.16
6780.98
7132.46
6644.54
5377.36
3481.04
1178.01
-1261.74
-3551.61
-5424.02
-6661.33
-7120.11
-6748.83
-5592.34
-3786.09
-1541.28
880.189
3197.54
5142.99
6491.19
7087.04
6863.4
5848.12
4159.38
1992.64
-401.588
-2747.44
-4775.17
-6253.37
-7012.97
-6969
-6127.92
-4586.53
-2523.26
-173.913
2193.95
4309.99
5932.97
6880.38
7046.21
6411.96
5050.99
3119.12
837.485
-1536.08
-3735.26
-5511.88
-6665.83
-7068.07
-6674.65
-5531.7
-3769.4
-1585.78
773.214
3043.87
4973.27
6344.36
7005.73
6885.89
5998.88
4446.03
2401.11
90.271
-2228.94
-4298.69
-5890.64
-6829.27
-7012.29
-6421.18
-5122.21
-3259.68
-1040.25
1291.47
3479.58
5284.12
6507.27
7016.06
6756.6
5759
4133.12
2057.36
-241.291
-2511.83
-4505.71
-6008.09
-6857.44
-6961.61
-6311.4
-4978.64
-3107.94
-902.978
1397.21
3545.25
5309.67
6500.07
6989.82
6728.87
5746.13
4147.23
2105.49
-159.847
-2406.26
-4392.66
-5908.4
-6793.24
-6953.49
-6373.92
-5117.39
-3318.15
-1168.44
1103.71
3257.03
5063.54
6333.54
6933.32
6800.92
5952.15
4477.58
2532.37
322.469
-1917.76
-3954.91
-5576.94
-6613.03
-6956.08
-6572.39
-5503.03
-3861.02
-1818.11
412.421
2598.08
4511.76
5955.2
6780.28
6902.82
6310.99
5066.92
3300.22
1195.03
-1031.01
-3149.42
-4942.12
-6225.38
-6868.27
-6805.49
-6045.19
-4667.27
-2813.3
-673.132
1533.35
3581.52
5263.31
6407.97
6899.63
6689.3
5800.82
4325.68
2413.07
257.655
-1921.37
-3904.91
-5492.85
-6525.03
-6899.19
-6579.38
-5598.34
-4056.11
-2108.75
48.6277
2199.19
4127.61
5642.6
6592.92
6884.03
6488.87
5448.12
3866.5
1902
-248.913
-2373.09
-4260.81
-5725
-6622.09
-6863.81
-6427.81
-5359.43
-3763.83
-1798.76
341.537
2445.99
4308.36
5747.38
6621.78
6847.57
6404.45
5336.02
3747.82
1795.51
-329.396
-2420.16
-4274.29
-5711.63
-6593.76
-6836.04
-6416.9
-5377.65
-3819.64
-1894.92
211.666
2295.71
4156.51
5616.43
6535.32
6826.86
6463.4
5481.06
3975.86
2091.63
9.39626
-2071.64
-3953.27
-5457.23
-6440.89
-6811.38
-6535.26
-5639.45
-4209.92
-2382.91
-332.671
1747.04
3660.81
5227.53
6299.94
6778.58
6619.95
5839.43
4511.03
2761.59
755.891
-1318.96
-3269.13
-4912.6
-6096.19
-6710.3
-6699.14
-6064.62
-4866.75
-3218.8
-1273.31
789.16
2775.59
4503.15
5813.74
6586.76
6751.35
6293.86
5257.91
3739.53
1878.57
-153.429
-2168.94
-3983.87
-5432.71
-6383.66
-6751.27
-6502.45
-5660.95
-4304.62
-2557.99
-580.613
1447.75
3342.48
4932.88
6075.55
6667.61
6657.1
6044.87
4887.29
3291.74
1402.14
-613.187
-2571.91
-4297.11
-5635.35
-6468.25
-6721.8
-6373.91
-5456.89
-4054.05
-2291.64
-326.528
1666.14
3509.37
5039.01
6119.83
6657.78
6605.61
5969.12
4805.73
3219.31
1350.24
-636.359
-2564.58
-4266.22
-5591.41
-6424.17
-6693.08
-6375.21
-5500.7
-4145.75
-2428.59
-502.021
1465.49
3304.37
4854.74
5981.81
6587.96
6621.42
6081.71
5016.48
3517.52
1716.05
-231.463
-2157.78
-3896.22
-5297.4
-6242.17
-6650.03
-6486.25
-5766.09
-4553.46
-2952.64
-1100.4
845.184
2717.16
4354.7
5619.74
6405.67
6646.1
6321.78
5461.99
4140.72
2469.26
589.931
-1336.75
-3149.01
-4694.7
-5842.72
-6497.52
-6606.13
-6159.28
-5195.32
-3797.35
-2082.86
-194.735
1707.99
3465.77
4933.05
5987.59
6542.07
6552.2
6017.95
4984.33
3538.38
1799.75
-86.7382
-1963.59
-3676.49
-5084.82
-6071.87
-6557.51
-6503.41
-5913.97
-4839.08
-3368.52
-1622.75
254.511
2109.06
3789.72
5159.1
6105.64
6553.63
6468.26
5856.99
4769.25
3295.02
1555.11
-309.413
-2147
-3809.22
-5162.08
-6097
-6539.31
-6454.52
-5849.6
-4774.19
-3316.54
-1593.94
254.599
2080.65
3738.59
5096.63
6046.16
6512.17
6459.19
5891.32
4854.46
3432.93
1740.53
-88.541
-1908.67
-3576.1
-4959.79
-5950.1
-6469.57
-6477.77
-5975.29
-5002.85
-3637.6
-1988.46
-185.057
1632.05
3319.68
4745.09
5798.64
6398.78
6498.94
6091.74
5209.71
3924.05
2334.98
565.268
-1246.44
-2959.43
-4442.44
-5580.69
-6285.9
-6504.78
-6221.91
-5459.65
-4277.53
-2767.57
-1046.13
753.834
2494.42
4042.25
5278.99
6111.52
6476.83
6347.06
5732.83
4682.57
3277.9
1625.67
-149.444
-1911.58
-3527.15
-4874.65
-5851.53
-6385.04
-6435.73
-6000.47
-5113.64
-3842.51
-2283.71
-555.135
1213.75
2890.27
4348.96
5480.7
6201.25
6458.07
6232.76
5542.49
4439.78
3007.82
1353.35
-399.37
-2120.39
-3684.04
-4973.02
-5892.39
-6376.16
-6387.96
-5928.1
-5032.02
-3766.48
-2225.1
-521.798
1217.68
2867.22
4305.71
5427.39
6150.71
6423.97
6228.33
5578.15
4522.41
3138.83
1528.76
-190.857
-1896.32
-3462.74
-4775.78
-5742.55
-6293.31
-6388.37
-6022.85
-5223.84
-4049.41
-2585
-935.797
780.178
2437.95
3918.39
5117.34
5949.63
6356.67
6309.07
5810.88
4899.9
3641.07
2123.95
457.12
-1240.38
-2847.71
-4251.9
-5354.81
-6077.89
-6370.6
-6214
-5619.53
-4629.22
-3314.85
-1769.41
-100.243
1574.9
3138.25
4479.66
5506.12
6147.6
6359.3
6127.12
5468.42
4429.49
3083.96
1526.05
-136.893
-1789.44
-3316.84
-4612.61
-5587.84
-6176.7
-6339.32
-6064.48
-5371.39
-4309.79
-2953.78
-1396.14
256.934
1890.51
3392.12
4661.45
5611.54
6176.98
6320.9
6034.12
5336.52
4276.87
2927.84
1380.77
-258.546
-1878.28
-3368.91
-4630.78
-5579.03
-6149.82
-6305.94
-6037.2
-5362.35
-4327.77
-3003.21
-1478.14
143.941
1754.6
3246.27
4519.95
5491.81
6095.78
6292.1
6070.24
5445.49
4458.53
3176.17
1684.88
83.4908
-1521.56
-3025.02
-4326.96
-5342.01
-6004.89
-6271.03
-6124.24
-5575.56
-4661.73
-3443.2
-1998.65
-424.125
1175.35
2696.23
4040.26
5119.42
5864.08
6226.52
6183.24
5738.81
4922.41
3787.49
2408.64
874.575
-714.351
-2255.08
-3649.75
-4808.39
-5655.87
-6138.19
-6225.26
-5912.79
-5221.43
-4196.1
-2903.04
-1425.15
142.599
1699.16
3145.97
4392.1
5356.66
5978.83
6221.06
6068.76
5531.86
4644.73
3465.07
2067.35
539.862
-1020.28
-2514.91
-3849.32
-4940.08
-5719.69
-6139.37
-6173.38
-5820.86
-5103.92
-4067.67
-2778.75
-1318.21
223.97
1750.9
3166.57
4384.98
5330.15
5942.91
6186.25
6045.83
5531.95
4676.94
3533.71
2173.21
679.66
-853.784
-2332.77
-3667.45
-4776.2
-5591.02
-6062.03
-6161.52
-5884.1
-5246.98
-4290.18
-3073.27
-1669.99
-165.737
1346.32
2775.26
4035.01
5048.46
5755.75
6114.05
6101.29
5720.79
4995.59
3969.62
2705.69
1279.25
-222.488
-1708.73
-3091.06
-4287.06
-5225.58
-5850.66
-6125.09
-6033.83
-5583.09
-4800.05
-3731.78
-2442.28
-1009.25
482.738
1944.86
3289.39
4437.74
5323.6
5894.91
6117.13
5978.14
5487.53
4674.04
3586.85
2290.5
860.686
-618.306
-2059.73
-3379.45
-4500.83
-5357.92
-5901.42
-6100.9
-5944.81
-5443.93
-4627.06
-3541.11
-2251.13
-833.058
631.8
2059.73
3367.02
4478.82
5331.69
5876.43
6082.7
5938.58
5454.1
4657.76
3594.08
2325.85
926.335
-525.719
-1945.86
-3252.57
-4373.55
-5245.22
-5817.74
-6059.24
-5956.14
-5515.37
-4763.01
-3741.5
-2508.76
-1135.85
299.234
1716.18
3035.31
4183
5094.24
5717.98
6021.06
5986.64
5616.58
4932.5
3973.73
2794.43
1459.71
44.2957
-1371.61
-2709.28
-3895.78
-4865.12
-5563.34
-5953.22
-6013.34
-5740.55
-5150.72
-4277.2
-3169.29
-1887.93
-503.693
907.239
2267.3
3501.2
4542.14
5333.21
5831.56
6010.98
5862.41
5394.45
4632.3
3618.93
2409.93
1071.03
-324.905
-1701.93
-2985.18
-4106.23
-5003.79
-5630.1
-5952.45
-5953.49
-5633.88
-5011.16
-4119.57
-3007.92
-1735.68
-372.115
1009.67
2336.74
3537.42
4548.89
5316.95
5800.63
5975.09
5831.36
5378.21
4639.57
3655.6
2479.73
1173.36
-194.127
-1549.61
-2822.69
-3946.13
-4860.42
-5517.42
-5883.47
-5940.67
-5686.46
-5134.93
-4314.49
-3268.92
-2054.18
-732.345
626.158
1949.75
3171.44
4227.24
5061.91
5633.14
5912.23
5884.47
5552.32
4933.66
4060.27
2977.96
1743.43
420.419
-923.065
-2217.43
-3396.93
-4401.23
-5178.97
-5691.29
-5911.9
-5830
-5450.16
-4792.7
-3892.43
-2794.33
-1554.85
-237.778
1090.04
2361.08
3511.46
4483.29
5227.63
5707.35
5898.33
5791.52
5393.52
4724.01
3818.13
2721.64
1488.52
183.192
-1130.07
-2387.01
-3523.1
-4481.85
-5215.64
-5689
-5879.02
-5776.29
-5387.47
-4731.39
-3840.42
-2760.74
-1545.79
-254.931
1047.47
2295.98
3430.48
4396.15
5143.75
5637.5
5854.02
5782.74
5429.13
4810.58
3956.23
2909.22
1721.14
450.651
-840.114
-2089.41
-3235.61
-4224.09
-5006.53
-5544.87
-5814.91
-5803.23
-5510.5
-4951.64
-4154.64
-3159.15
-2012.05
-768.282
511.194
1764.73
2931.85
3957.5
4793.05
5398.32
5745.24
5817.55
5612.27
5139.99
4422.94
3496
2404.78
1200.79
-59.6757
-1316.87
-2510.32
-3583.49
-4486.25
-5176.23
-5622.17
-5802.9
-5709.91
-5349.18
-4737.86
-3904.64
-2889.61
-1739.63
-508.468
744.483
1960.91
3084.62
4063.66
4853.22
5416.56
5727.8
5772.28
5548.91
5069.26
4355.82
3441.52
2368.69
1187.96
-46.5885
-1278.4
-2450.17
-3507.46
-4402.88
-5095.96
-5554.56
-5758.69
-5698.87
-5378.8
-4813.9
-4029.33
-3061.73
-1956.42
-763.384
463.786
1668.54
2796.31
3796.58
4624.33
5242.44
5622.68
5748.35
5614.96
5228.87
4608.47
3781.83
2785.47
1665.59
471.842
-742.974
-1922.54
-3014.44
-3970.87
-4749.65
-5316.47
-5646.12
-5724.41
-5547.9
-5125.41
-4476.03
-3628.74
-2622.45
-1501.4
-314.016
886.295
2045.13
3112.64
4043.38
4795.97
5336.51
5642.36
5700.91
5509.33
5077.13
4424.03
3578.47
2577.1
1464.14
288.636
-898.029
-2044.57
-3101.49
-4022.66
-4768.39
-5307.58
-5617.49
-5683.75
-5504.6
-5088.81
-4453.99
-3627.62
-2646.69
-1553.62
-394.43
780.826
1921.76
2979.01
3907.52
4668.79
5230.62
5568.87
5669.99
5529.54
5154.17
4560.72
3774.74
2829.39
1764.89
627.308
-536.395
-1675.96
-2743.18
-3694.33
-4489.19
-5094.93
-5486.41
-5646.97
-5570.47
-5261.01
-4731.81
-4005.43
-3112.63
-2091.1
-983.228
164.459
1304.03
2388.74
3373.73
4217.38
4885.34
5351.37
5595.28
5607.38
5388.17
4947.89
4304.63
3483.96
2520.28
1454.64
330.967
-805.556
-1907.69
-2931.02
-3833.9
-4578.94
-5137.13
-5485.82
-5610.25
-5506.58
-5179.27
-4641.6
-3916.38
-3034.06
-2030.36
-944.614
178.832
1293.45
2354.36
3319.74
4151.49
4815.45
5284.95
5542.35
5577.54
5389.18
4985.01
4381.83
3605.27
2685.76
1659.02
568.097
-543.77
-1634.16
-2658.59
-3575.71
-4350.3
-4952.66
-5359.08
-5553.08
-5527.46
-5284.12
-4833.41
-4193.17
-3388
-2450.87
-1418.7
-331.304
767.847
1835.68
2830.54
3714.22
4452.93
5017.36
5385.13
5542.94
5485.99
5216.98
4745.49
4090.28
3277.86
2339.56
1311.7
233.596
-852.047
-1903.78
-2881.19
-3746.88
-4468.19
-5016.77
-5373.21
-5524.36
-5463.88
-5194.3
-4726.25
-4078.63
-3276.84
-2350.54
-1335.9
-271.692
802.793
1844.63
2815.1
3679.44
4403.71
4960.92
5330.37
5498.49
5459.48
5214.96
4775.2
4156.52
3382.62
2482.74
1490.36
442.832
-619.603
-1657.53
-2633.85
-3511.1
-4255.93
-4841.24
-5246.77
-5457.65
-5465.87
-5271.66
-4882.28
-4313.3
-3586.35
-2726.92
-1767.11
-743.857
305.623
1342.65
2330.15
3231.41
4012.45
4646.52
5110.55
5386.78
5466.04
5346.21
5031.59
4534.41
3872.76
3070.98
2159.16
1170.35
139.549
-895.969
-1898.13
-2830.42
-3659.77
-4356.91
-4896.1
-5258.04
-5431.19
-5409.41
-5193.56
-4791.73
-4218.94
-3496.43
-2649.14
-1707.96
-706.809
319.099
1332.17
2296.82
3178.98
3947.11
4575.01
5040.24
5326.92
5425.15
5331.55
5050.08
4591.11
3971.09
3211.18
2338.86
1385.87
385.747
-627.238
-1617.5
-2550.08
-3393.19
-4117.11
-4696.09
-5111.06
-5348.18
-5399.41
-5262.84
-4943.19
-4453.03
-3809.72
-3034.77
-2155.41
-1202.85
-209.854
789.723
1761.4
2671.42
3488.83
4185.29
4737.85
5128.13
5342.15
5372.94
5220.48
4889.97
4393.17
3747.95
2975.47
2101.98
1157.12
174.502
-812.46
-1771.18
-2668.95
-3476.02
-4164.64
-4712.26
-5100.78
-5316.95
-5353.99
-5211.41
-4894.28
-4413.35
-3784.85
-3029.95
-2174.55
-1247.27
-279.28
696.618
1647.78
2543.68
3355
4053.9
4617.27
5027
5270.35
5339.41
5231.53
4950.91
4507.27
3915.37
3195.43
2371.36
1470.07
521.54
-443.469
-1393.74
-2297.18
-3124.24
-3848.88
-4446.5
-4898.42
-5191.32
-5314.68
-5265.45
-5045.39
-4661.39
-4127.44
-3460.22
-2681.35
-1816.73
-893.918
56.2169
1003.59
1918.47
2770.56
3533.03
4181.35
4694.54
5056.83
5257.11
5289.4
5152.35
4851.09
4395.75
3800.78
3085.56
2272.72
1389
461.842
-479.611
-1404.49
-2284.61
-3091.61
-3799.72
-4387.46
-4836.45
-5133.12
-5267.86
-5236.8
-5041.82
-4688.8
-4188.71
-3558.05
-2817.32
-1989.44
-1100.02
-177.167
750.398
1653.68
2504.16
3276.08
3946.5
4493.98
4901.64
5157.54
5253.31
5186.65
4960.67
4581.97
4062.24
3418.92
2671.22
1841.47
956.286
42.9084
-870.605
-1756.66
-2589.06
-3341.6
-3991.33
-4518.91
-4908.4
-5148.66
-5232.43
-5156.93
-4925.21
-4545.22
-4027.46
-3387.95
-2647.77
-1828.51
-955.22
-54.1234
848.701
1725.18
2548.52
3294.56
3941.88
4470.6
4864.72
5113.08
5208.72
5149.04
4936.08
4577.4
4083.03
3466.79
2748.22
1950.05
1094.75
206.64
-685.958
-1556.54
-2380.86
-3134.9
-3795.87
-4343.92
-4763.91
-5044.49
-5177.19
-5157.19
-4986.18
-4670.58
-4218.65
-3643.37
-2962.45
-2196.28
-1367.76
-499.999
382.184
1251.93
2084.93
2857.06
3545.14
4130.48
4595.98
4928.09
5118.63
5161.82
5055.82
4804.74
4416.28
3901.72
3276.36
2557.53
1766.05
925.18
58.0138
-809.697
-1652.43
-2448.04
-3173.88
-3808.21
-4334.01
-4737.04
-5005.46
-5132.21
-5114.2
-4951.57
-4649.08
-4215.87
-3664.88
-3011.97
-2274.31
-1472.78
-631.244
226.617
1077.51
1897.78
2663.61
3354.52
3951.88
4438.27
4801.2
5030.59
5119.67
5066.19
4872.11
4544.36
4091.72
3525.53
2862.59
2121.76
1323.26
489.331
-358.033
-1194.58
-1996.5
-2743.49
-3415.32
-3993.04
-4460.84
-4806.14
-5020.36
-5097.75
-5035.56
-4836.53
-4506.74
-4054.99
-3494.04
-2838.21
-2106.16
-1318.21
-495.189
339.72
1164.76
1958.23
2698.22
3364.99
3940.68
4409.77
4760.25
4983.26
5073.03
5026.74
4846
4536.45
4106.44
3567.71
2934.69
2224.11
1454.98
648.476
-174.263
-992.601
-1784.09
-2526.65
-3201.59
-3792.24
-4282.6
-4659.45
-4913.37
-5038.4
-5031.54
-4892.07
-4624.38
-4236.88
-3738.66
-3143.14
-2466.62
-1725.98
-941.591
-133.083
678.322
1470.38
2223.95
2919.46
3538.63
4065.8
4487.46
4792.59
4973.84
5027.45
4951.63
4748.34
4423.92
3986.06
3445.79
2818.01
2118.84
1365.75
578.679
-221.522
-1015.11
-1782.82
-2504.98
-3162.35
-3738.31
-4219.2
-4593.32
-4850.49
-4984.4
-4992.65
-4875.35
-4635.19
-4277.92
-3814.03
-3255.17
-2614.03
-1908.05
-1155.3
-374.139
415.117
1193.47
1942.24
2641.39
3273.55
3823.6
4277.82
4625.67
4858.82
4971.46
4960.8
4826.87
4573.51
4207.97
3739.15
3178.98
2540.62
1839.66
1094.98
324.028
-454.605
-1220.77
-1956.59
-2643.92
-3265.32
-3806.67
-4255.22
-4600.01
-4832.44
-4946.87
-4940.82
-4814.78
-4572.36
-4219.69
-3765.11
-3219.49
-2596.73
-1911.76
-1181.55
-423.824
343.332
1100.86
1832.01
2519.1
3144.14
3693.39
4154.28
4515.13
4767.79
4906.59
4928.85
4833.78
4623.72
4304.35
3882.91
3369.59
2777.23
2119.74
1412.37
672.333
-82.397
-834.412
-1566.39
-2260.77
-2901.66
-3473.63
-3963.2
-4359.83
-4653.91
-4838.44
-4910.04
-4867.44
-4711.14
-4445.32
-4076.35
-3613.14
-3066.58
-2448.84
-1774.86
-1060.89
-322.887
421.835
1155.99
1863.3
2526.44
3130.37
3662.24
4110.13
4463.05
4712.79
4854.42
4884.33
4802.75
4612.25
4316.05
3921.8
3439.1
2878.28
2252.5
1576
864.517
134.094
-598.425
-1316.13
-2004.34
-2647.07
-3228.98
-3737.34
-4160.57
-4489.9
-4718.8
-4841.61
-4855.42
-4760.79
-4559.13
-4255.85
-3858.62
-3375.24
-2816.82
-2196.04
-1526.81
-824.388
-105.114
615.954
1323.14
2000.43
2632.81
3205.74
3707.62
4127.88
4456.57
4686.23
4813.06
4834.12
4748.95
4560.15
4271.38
3889.14
3422.23
2881.05
2277.57
1625.16
938.041
231.522
-479.565
-1180.08
-1854.56
-2487.51
-3065.68
-3578.01
-4011.8
-4358.31
-4611.21
-4764.44
-4815.07
-4761.76
-4606.16
-4351.67
-4003.98
-3572.01
-3064.22
-2490.32
-1863.32
-1197.77
-508.134
192.087
888.233
1564.74
2206.97
2801.31
3336.04
3800.14
4183.06
4477.53
4677.46
4777.6
4777.3
4676.95
4477.93
4184.85
3804.71
3345.57
2816.03
2227.37
1593.11
927.614
243.103
-447.155
-1126.98
-1782.64
-2400.56
-2967.31
-3472.4
-3905.41
-4257
-4520.58
-4690.49
-4762.85
-4736.78
-4613.75
-4395.92
-4087.9
-3696.26
-3228.88
-2695.6
-2107.67
-1477.79
-817.955
-141.867
536.071
1202.74
1844.11
2447.68
3001.07
3492.57
3913.02
4253.35
4507.25
4670.52
4739.04
4711.71
4589.37
4374.19
4071.8
3688.6
3230.96
2708.15
2131.73
1514.11
866.905
202.031
-466.102
-1123.94
-1758.95
-2358.01
-2909.76
-3403.2
-3828.12
-4177.16
-4443.56
-4621.26
-4707.58
-4700.81
-4600.99
-4410.99
-4133.99
-3775.77
-3343.7
-2846.58
-2294.54
-1697.44
-1067.13
-417.078
239.726
891.104
1525.02
2128.88
2691.08
3200.62
3646.54
4021.35
4318.05
4530.26
4654.98
4689.75
4633.81
4488.59
4256.82
3943.65
3555.31
3098.49
2582.15
2016.74
1413.85
784.384
139.68
-506.54
-1142.16
-1755.62
-2334.82
-2869.21
-3348.64
-3763.74
-4107.27
-4372.97
-4555.06
-4650.23
-4658.09
-4577.96
-4410.81
-4161.64
-3834.28
-3434.29
-2970.75
-2451.99
-1887.53
-1288.25
-665.828
-31.291
603.945
1227.15
1826.68
2391.3
2910.59
3375.59
3777.67
4109.22
4363.92
4537.62
4627.92
4631.83
4550.07
4384.8
4138.36
3816.32
3424.66
2970.48
2461.97
1908.58
1320.94
709.696
86.0096
-538.434
-1152.27
-1744.71
-2305.18
-2823.33
-3289.21
-3694.38
-4032.43
-4297.27
-4484.19
-4590.06
-4612.42
-4551.12
-4408.31
-4186.53
-3889.07
-3521.42
-3091.15
-2605.73
-2073.75
-1505.86
-911.226
-300.873
313.981
923.264
1514.92
2079.05
2606.06
3085.85
3510.36
3872.2
4165.27
4383.98
4524.86
4586.38
4566.29
4465.73
4287.15
4032.54
3706.97
3316.72
2869.2
2372.16
1832.77
1261.79
670.228
67.4071
-536.177
-1130.2
-1703.76
-2246.71
-2750.5
-3205.97
-3605.13
-3941.9
-4209.99
-4404.29
-4522.32
-4562.66
-4524.11
-4407.77
-4215.87
-3951.21
-3619.04
-3225.63
-2776.85
-2280.31
-1745.99
-1182.43
-598.683
-4.90866
587.646
1169.24
1731.31
2262.74
2755.05
3201.01
3592.31
3922.22
4185.45
4377.22
4494.41
4536.4
4502.55
4392.3
4208.05
3953.97
3633.96
3252.33
2816.08
2334.1
1813.76
1263.17
692.228
110.478
-472.623
-1047.51
-1604.66
-2134.12
-2627.44
-3077.31
-3475.67
-3815.84
-4092.75
-4302.02
-4440.56
-4505.47
-4495.62
-4412.24
-4256.46
-4031.01
-3739.63
-3386.9
-2979.72
-2524.48
-2027.7
-1498.3
-945.474
-377.661
196.522
766.58
1323.29
1858.49
2362.85
2828.09
3246.85
3612.73
3920.16
4164.7
4342.18
4448.91
4483.99
4447.37
4339.23
4161.22
3916.69
3610.4
3246.71
2831.12
2370.79
1873.09
1346.52
798.599
238.032
-325.042
-882.594
-1425.54
-1945.54
-2434.41
-2883.93
-3287.88
-3639.48
-3933.27
-4165.05
-4331.44
-4429.54
-4457.29
-4415.28
-4304.83
-4126.72
-3883.71
-3580.72
-3222.52
-2814.35
-2362.76
-1874.84
-1358.02
-820.633
-270.893
282.43
830.598
1365.72
1878.86
2362.87
2810.25
3212.73
3565.4
3863.57
4102.3
4278.13
4388.08
4430.46
4404.78
4311.55
4152.9
3931.41
3650.05
3313.24
2926.77
2496.41
2027.75
1528.36
1006.59
470.896
-71.2175
-612.971
-1145.05
-1658.39
-2146
-2601.43
-3017.33
-3387.3
-3706.44
-3969.5
-4172.64
-4313.52
-4390.08
-4400.49
-4344.96
-4225.47
-4043.33
-3800.88
-3501.82
-3151.04
-2754.07
-2316.74
-1845.72
-1347.4
-829.711
-300.771
232.007
760.504
1277.51
1776.21
2248.27
2685.92
3084.06
3437.31
3739.5
3986.58
4175.69
4303.48
4367.82
4368.77
4306.81
4182.26
3997.03
3753.88
3456.35
3109.28
2717.64
2287.32
1824.21
1335.08
827.464
308.682
-214.226
-734.156
-1242.86
-1732.97
-2198.36
-2631.31
-3025.55
-3377.04
-3680.07
-3930.58
-4124.87
-4259.56
-4333.97
-4346.98
-4298.09
-4188.5
-4020.14
-3794.96
-3515.65
-3186.79
-2814.09
-2402.58
-1957.35
-1484.82
-991.822
-485.588
26.6789
538.441
1042.41
1530.99
1997.92
2436.59
2841.05
3205.43
3524.09
3794.17
4011.55
4172.69
4275.92
4319.67
4304.04
4229.25
4096.02
3906.39
3663.25
3369.87
3029.93
2648.68
2232.01
1784.99
1313.7
824.881
325.894
-176.635
-676.629
-1167.45
-1642.49
-2094.51
-2517.31
-2904.97
-3253
-3556.84
-3811.65
-4015.53
-4165.28
-4257.87
-4293.37
-4271.17
-4191.27
-4055.3
-3864.69
-3622.76
-3333.15
-2998.81
-2624.22
-2214.75
-1776.34
-1314.79
-835.934
-346.882
145.928
636.695
1118.92
1586.15
2031.53
2449.45
2835.01
3182.01
3486.78
3746.41
3956.06
4112.94
4215.62
4263.12
4254.55
4190.1
4071.21
3898.77
3675.62
3405.2
3090.75
2735.82
2345.34
1925.45
1480.75
1017.04
541.079
58.5153
-424.305
-901.855
-1367.43
-1813.93
-2237.39
-2631.96
-2991.23
-3311.49
-3589.85
-3822.28
-4005.15
-4136.46
-4214.44
-4238.18
-4208.29
-4125.18
-3988.8
-3801.94
-3567.52
-3287.64
-2966.17
-2608.01
-2217.33
-1798.05
-1356.54
-899.151
-430.398
43.5293
515.781
981.483
1434.71
1868.91
2279.66
2662.13
3010.5
3320.47
3588.41
3811.16
3986.96
4112.89
4186.73
4209.3
4180.08
4098.21
3965.64
3784.27
3555.88
3283.98
2971.94
2623.55
2243.16
1835.11
1404.99
958.549
500.773
37.221
-426.366
-884.54
-1331.38
-1761.93
-2170.85
-2552.02
-2901.6
-3215.75
-3490.11
-3722.26
-3909.76
-4049.55
-4139.4
-4178.9
-4168.52
-4108.1
-3997.87
-3839.36
-3635.16
-3386.94
-3098.49
-2773.3
-2414.88
-2028.43
-1617.78
-1188.36
-744.869
-292.549
162.094
614.284
1059.23
1490.9
1904.38
2295.33
2658.28
2989.43
3285.37
3541.77
3755.87
3925.55
4049.32
4125.83
4152.9
4131
4060.95
3943.16
3779.47
3571.56
3322.51
3035.01
2712.17
2357.75
1975.81
1572.1
1150.36
714.886
271.906
-173.207
-615.502
-1051.08
-1474.19
-1879.2
-2262.67
-2619.86
-2946.23
-3238.57
-3493.5
-3707.66
-3879.17
-4006.53
-4088.17
-4122.76
-4109.55
-4049.77
-3944.75
-3794.49
-3600.99
-3366.74
-3093.8
-2785.98
-2447.97
-2083.02
-1694.15
-1286.75
-865.292
-433.785
2.08828
436.651
866.64
1286.8
1691.12
2076.61
2438.56
2772.57
3075.33
3343.69
3574.5
3764.82
3913.3
4018.25
4078.44
4093.1
4062.61
3987.62
3868.38
3706.1
3502.37
3260.54
2983.71
2674.14
2335
1970.07
1584.8
1182.69
767.479
344.655
-81.6838
-506.786
-926.264
-1335.75
-1730.1
-2104.17
-2454.9
-2779.28
-3073.05
-3333.32
-3557.11
-3741.97
-3886.93
-3989.88
-4049.01
-4063.97
-4035.25
-3963.59
-3849.89
-3694.74
-3499.65
-3267.53
-3000.53
-2701.62
-2374.03
-2021.6
-1648.15
-1257.4
-854.02
-441.224
-23.9418
392.296
803.838
1206.94
1597.49
1970.31
2321.54
2648.42
2947.37
3214.79
3447.98
3644.58
3802.65
3920.88
3998.12
4033.41
4025.67
3976.2
3885.83
3754.58
3584.42
3376.9
3134.5
2860.57
2557
2226.47
1873.63
1502.03
1114.95
716.592
311.359
-96.7833
-503.072
-903.704
-1295.69
-1673.48
-2033.11
-2371.83
-2686.37
-2973.03
-3229.18
-3452.58
-3639.54
-3789.45
-3901.42
-3972.56
-4003.55
-3994.57
-3944.56
-3854.43
-3725.4
-3559.13
-3357.19
-3121.51
-2854.29
-2558.56
-2238.28
-1895.4
-1532.95
-1156.25
-768.899
-373.468
25.7724
423.717
816.794
1201.62
1574.18
1930.63
2267.6
2581.97
2870.6
3130.54
3358.53
3552.97
3712.73
3835.66
3920.68
3966.79
3973.5
3941.11
3870.31
3761.51
3615.96
3435.19
3220.96
2975.59
2700.96
2400.5
2076.8
1733.05
1373.52
1000.65
618.479
230.514
-159.994
-547.956
-930.195
-1302.9
-1662.19
-2005.56
-2329.71
-2631.25
-2907.07
-3154.66
-3371.3
-3555.35
-3705.54
-3819.66
-3897.08
-3937.79
-3941.39
-3906.82
-3834.69
-3726.63
-3582.9
-3405.25
-3195.88
-2956.3
-2688.75
-2396.43
-2081.37
-1747.17
-1397.42
-1034.19
-661.03
-282.111
98.4672
477.844
852.348
1218.06
1572.36
1912.62
2234.57
2534.14
2810
3059.86
3280.78
3471.01
3629.04
3753.58
3842.92
3896.43
3914.33
3895.47
3840.16
3750.41
3626.14
3468.17
3278.55
3059.2
2812.16
2538.98
2243.67
1928.27
1594.57
1247
888.715
522.41
151.32
-220.329
-589.459
-953.426
-1307.96
-1650.3
-1977.81
-2287.03
-2575.55
-2840.49
-3078.97
-3289.56
-3470.78
-3620.14
-3736.49
-3819.41
-3868.42
-3883.05
-3862.42
-3807
-3718.22
-3596.27
-3441.69
-3257.24
-3044.52
-2804.52
-2539.53
-2252.09
-1945.2
-1622.06
-1284.81
-936.215
-580.014
-218.606
144.517
505.803
862.617
1211.71
1549.64
1873.53
2180.72
2468.05
2733.4
2975.14
3191.09
3378.73
3536.6
3663.39
3757.8
3819.92
3849.48
3845.82
3808.02
3736.81
3634.05
3500.71
3337.27
3144.48
2924.78
2680.61
2413.48
2125.86
1820.82
1500.21
1166.94
824.239
474.237
120.865
-232.935
-585.284
-931.913
-1269.78
-1596.64
-1909.72
-2206.37
-2484.03
-2740.6
-2973.67
-3181.37
-3362.35
-3514.93
-3637.07
-3728.22
-3788.47
-3817.13
-3814.15
-3779.38
-3712.2
-3613.91
-3486.18
-3329.18
-3144.57
-2934.31
-2699.51
-2442.31
-2165.56
-1871.1
-1561.41
-1239.11
-906.376
-566.664
-222.851
122.207
466.209
806.083
1138.77
1461.97
1773.44
2069.74
2348.12
2607.3
2845.23
3059.95
3249.18
3411.68
3545.99
3651.29
3727.55
3773.63
3788.48
3772.56
3726.67
3650.57
3544.82
3410.45
3248.74
3061.06
2848.98
2614.14
2358.67
2084.76
1794.55
1489.82
1173.09
847.909
516.226
180.417
-156.593
-491.91
-822.716
-1146.45
-1461
-1763.44
-2051.72
-2324.25
-2577.21
-2809.7
-3020.53
-3206.75
-3367.47
-3502.06
-3609.13
-3687.4
-3736.63
-3756.17
-3746.44
-3707.85
-3640.08
-3544.14
-3420.21
-3269.73
-3094.35
-2894.88
-2673.41
-2431.26
-2170.72
-1893.66
-1601.6
-1298.18
-985.069
-664.422
-339.07
-10.6196
317.348
641.894
961.511
1273.72
1576.13
1865.59
2140.5
2399.32
2638.73
2858.2
3055.8
3229.6
3379.15
3502.6
3599.45
3669.32
3710.88
3723.88
3709.17
3666.76
3596.76
3499.77
3376.2
3227.08
3054.29
2858.8
2641.83
2405.66
2151.16
1880.48
1596.92
1302.14
997.472
685.304
368.421
48.7288
-270.958
-587.836
-900.258
-1205.7
-1502.2
-1787.02
-2057.68
-2313.17
-2551.9
-2771.86
-2970.91
-3147.45
-3300.89
-3430.72
-3535.16
-3612.96
-3664.08
-3688.7
-3686.49
-3657.27
-3602.07
-3520.64
-3413.22
-3281.23
-3125.21
-2947.3
-2748.53
-2529.3
-2291.78
-2038.41
-1770.89
-1490.72
-1200.37
-901.108
-595.311
-285.968
24.5207
334.622
642.986
946.243
1241.9
1528.21
1803.54
2066.22
2314.21
2544.82
2756.94
2949.92
3121.76
3271.62
3397.94
3499.3
3576.34
3628.78
3655.39
3655.95
3630.71
3580.24
3504.64
3404.29
3280.48
3133.69
2965.27
2776.19
2567.66
2342.16
2100.34
1843.23
1573.76
1294.79
1007.09
711.703
411.431
109.21
-193.041
-494.104
-791.626
-1083.27
-1366.89
-1640.36
-1902.67
-2152.19
-2386.79
-2604.76
-2804.77
-2985.68
-3145.27
-3283.03
-3398.8
-3490.95
-3559.73
-3604.53
-3624.45
-3619.53
-3589.88
-3536.86
-3459.77
-3358.88
-3235.57
-3090.43
-2925.18
-2740.35
-2536.77
-2316.38
-2080.69
-1831.58
-1570.53
-1299.13
-1019.07
-732.655
-442.193
-148.493
146.591
440.211
730.029
1014.48
1292.39
1561.44
1819.18
2064.88
2297.57
2514.6
2714.49
2896.62
3059.73
3202.6
3323.6
3422.27
3499.16
3553.45
3584.38
3591.7
3575.39
3535.91
3472.98
3387.38
3280.29
3151.92
3003.51
2835.69
2649.54
2446.72
2227.55
1994.46
1749.17
1492.41
1226.61
953.035
673.098
389.091
103.293
-182.941
-467.411
-748.177
-1024.2
-1293.76
-1554.72
-1805.26
-2044.6
-2270.99
-2482
-2676.79
-2855.14
-3015.41
-3156.4
-3276.94
-3376.17
-3454.34
-3510.98
-3545.72
-3558.18
-3548
-3515.05
-3459.83
-3383.44
-3286.28
-3168.89
-3031.67
-2875.23
-2701.23
-2511.02
-2304.63
-2083.58
-1850.82
-1607.4
-1353.38
-1090.75
-822.065
-548.292
-271.469
6.41584
283.538
558.982
831.482
1097.59
1356.87
1608.58
1849.8
2078.75
2294.61
2496.81
2683.67
2853.7
3006.06
3140.31
3255.33
3350.4
3425.45
3479.45
3512.38
3524.12
3514.15
3482.84
3430.51
3357.93
3265.34
3152.92
3021.96
2872.97
2706.36
2523.47
2326.31
2115.53
1891.78
1657.5
1413.87
1161.69
902.636
638.806
371.507
101.586
-168.774
-437.384
-702.675
-963.837
-1219.7
-1468.13
-1707.08
-1935.81
-2153.09
-2357.15
-2547.42
-2722.62
-2881.69
-3024.21
-3148.22
-3253.65
-3340.55
-3407.61
-3455.2
-3482.21
-3488.57
-3475.36
-3441.62
-3387.53
-3314.48
-3222.55
-3111.65
-2983.12
-2837.49
-2674.99
-2497.69
-2306.96
-2102.91
-1886.46
-1659.86
-1424.14
-1179.63
-928.479
-673.05
-414.329
-153.198
108.716
369.879
628.439
883.782
1134.24
1377.16
1611.72
1836.95
2051.81
2255.36
2445.92
2622.23
2783.74
2929.14
3057.76
3169.59
3263.8
3339.48
3396.17
3433.63
3452.01
3451.3
3430.95
3391.35
3333.33
3257.42
3163.76
3051.64
2922.5
2778.28
2618.83
2444.53
2256.26
2056.2
1845.8
1624.66
1394.54
1157.57
914.257
666.289
415.275
161.885
-92.1119
-345.252
-596.582
-844.332
-1087.1
-1323.48
-1552.48
-1773.28
-1984.09
-2184.34
-2372.66
-2546.94
-2707.29
-2853.36
-2983.82
-3098.16
-3195.49
-3276.01
-3339.42
-3383.97
-3410.15
-3418.44
-3408.53
-3380.61
-3334.28
-3270.13
-3188.73
-3090.29
-2975.46
-2844.58
-2698.9
-2539.32
-2366.66
-2181.84
-1985.54
-1778.88
-1563.03
-1339.3
-1108.64
-872.004
-631.408
-387.839
-142.139
104.47
350.598
593.918
833.503
1068.14
1297.88
1521.48
1735.71
1940.62
2135.71
2319.63
2491.54
2649.65
2793.79
2924.12
3038.75
3137.19
3220.12
3286.14
3335.17
3367.44
3381.81
3378.83
3358.64
3320.99
3266.48
3195.6
3108.7
3005.83
2887.68
2755.67
2609.61
2449.72
2277.83
2094.23
1899.81
1696.71
1485.18
1266.12
1041.47
811.644
577.775
341.455
103.039
-135.586
-373.353
-609.351
-841.064
-1067.71
-1289.58
-1505.29
-1712.85
-1911.98
-2101.44
-2280.11
-2447.74
-2602.92
-2744.61
-2872.37
-2985.92
-3085.02
-3168.47
-3235.73
-3287.44
-3323.22
-3342.7
-3345.61
-3331.86
-3302.14
-3256.38
-3194.42
-3116.62
-3023.35
-2915.44
-2794.04
-2659.14
-2511.59
-2352.41
-2180.99
-1998.87
-1807.9
-1608.63
-1401.47
-1187.13
-967.821
-744.343
-517.216
-288.13
-57.3546
173.768
403.228
630.384
854.349
1074.21
1288.5
1496.62
1697.95
1890.87
2074.71
2247.88
2409.59
2560.31
2699.26
2825.15
2936.92
3034.86
3118.9
3187.76
3241.61
3280.07
3302.48
3309.77
3301.77
3278.14
3239.1
3184.75
3115.78
3032.51
2935.25
2823.84
2699.24
2562.65
2413.99
2254.67
2085.32
1906.14
1718.29
1522.18
1319.43
1110.95
897.471
680.34
460.048
237.598
14.4867
-208.075
-429.817
-649.323
-865.693
-1078.45
-1285.89
-1486.48
-1680.36
-1866.77
-2044.38
-2212.6
-2370.29
-2517.03
-2652.31
-2775.5
-2886.19
-2983.75
-3067.21
-3136.78
-3192.79
-3234.42
-3260.95
-3272.49
-3269.5
-3251.78
-3219.49
-3173.48
-3113.53
-3039.43
-2951.23
-2849.86
-2736.64
-2610.81
-2473.14
-2325.29
-2167.42
-2000.01
-1823.53
-1638.74
-1447.62
-1250.26
-1046.88
-839.322
-628.371
-415.528
-201.138
14.802
230.34
444.23
655.928
864.547
1069.41
1269.51
1463.91
1651.83
1832.28
2004.68
2168.06
2321.48
2465.16
2598.18
2719.19
2828.62
2925.61
3010.01
3081.97
3140.22
3184.68
3215.17
3232.02
3235.12
3224.09
3199.44
3161.19
3109.45
3044.54
2966.62
2876.1
2773.48
2659.01
2533.34
2397.22
2251.69
2096.18
1931.42
1759.57
1580.23
1394.02
1202.36
1005.57
804.572
600.421
393.979
186.208
-21.7189
-229.402
-436.269
-640.42
-841.622
-1040.37
-1234.82
-1422.59
-1604.67
-1780.78
-1948.62
-2107.71
-2258.19
-2399.43
-2530.41
-2650.71
-2760.07
-2858.35
-2944.69
-3018.84
-3080.59
-3129.1
-3164.38
-3187.02
-3197.45
-3194.49
-3177.97
-3148.45
-3106.12
-3051.48
-2984.67
-2905.47
-2814.6
-2712.47
-2599.12
-2475.79
-2342.05
-2198.74
-2047.26
-1888.09
-1721.38
-1547.04
-1367.05
-1182.54
-992.908
-798.969
-602.152
-402.918
-202.403
-1.96248
198.58
398.173
595.978
791.263
982.932
1170.75
1353.44
1531.08
1702.88
1867.34
2024.37
2173.03
2312.46
2443.57
2564.96
2675.64
2776.32
2865.67
2942.78
3008.26
3062.84
3105.72
3136.1
3153.63
3159.24
3152.75
3133.36
3102
3059.15
3004.77
2938.37
2860.04
2770.93
2671.83
2562.65
2443.41
2314.5
2176.37
2030.56
1877.25
1716.29
1549.31
1377.03
1199.52
1017.21
831.374
642.301
450.719
258.031
64.2469
-129.302
-322.026
-513.281
-701.989
-889.008
-1072.57
-1251.06
-1425.09
-1593.53
-1755.5
-1910.54
-2058.19
-2198.17
-2330.09
-2453.07
-2566.32
-2670.38
-2764.85
-2848.32
-2920.73
-2982.08
-3032.12
-3071.56
-3099.78
-3115.75
-3120.17
-3113.55
-3095.43
-3065.48
-3024.06
-2971.81
-2908.47
-2833.99
-2749.97
-2656.42
-2552.89
-2439.63
-2317.51
-2187.05
-2048.31
-1902.39
-1749.64
-1591.36
-1427.4
-1257.85
-1084.22
-906.388
-725.517
-542.42
-357.612
-171.879
14.9225
201.025
385.798
570.036
751.816
929.872
1104.48
1275.33
1441.64
1602.41
1757.3
1905.99
2047.95
2182.6
2308.75
2425.99
2535.06
2635.19
2725.85
2807.19
2877.75
2937.8
2988.13
3027.72
3055.95
3073.76
3081.29
3077.3
3062.37
3036.92
3000.65
2954.17
2897.8
2831.01
2753.85
2666.99
2571.46
2467.5
2354.46
2233.17
2104.37
1968.53
1826.43
1677.66
1522.74
1363.09
1198.79
1030.34
859.029
685.474
509.205
330.763
151.925
-26.8069
-205.859
-384.508
-561.299
-735.588
-907.407
-1076.59
-1241.49
-1401.6
-1556.91
-1707.11
-1851.65
-1989.71
-2120.94
-2244.38
-2359.74
-2467.41
-2567.04
-2657.52
-2738.74
-2810.95
-2874.06
-2927.14
-2969.75
-3002.69
-3025.92
-3038.82
-3040.92
-3032.75
-3015.41
-2988.5
-2950.73
-2902.75
-2845.6
-2779.26
-2703.88
-2619.3
-2526.01
-2424.64
-2315.19
-2198.4
-2074.96
-1944.19
-1807.21
-1664.99
-1517.06
-1364.13
-1206.33
-1044.99
-881.475
-715.049
-545.69
-374.659
-203.076
-30.3836
142.35
313.49
484.189
653.261
819.701
983.301
1143.32
1299.67
1451.7
1599
1740.92
1877.33
2007.52
2130.81
2247.5
2356.68
2457.89
2551.42
2636.58
2713.58
2782.18
2841.12
2891.13
2932.36
2963.32
2985.06
2998.23
3001.39
2994.43
2978.26
2952.96
2917.91
2873.98
2821.58
2759.71
2688.61
2609.66
2523.01
2428.58
2326.79
2217.25
2100.41
1977.86
1849.46
1715.26
1575.92
1431.62
1282.81
1129.88
974.49
816.133
654.711
491.635
327.397
162.612
-2.684
-168.088
-332.782
-496.235
-658.069
-818.033
-975.52
-1129.01
-1278.57
-1424.95
-1567.2
-1704.24
-1835.68
-1961.47
-2081.02
-2193.58
-2299.84
-2399.27
-2490.74
-2575.27
-2652.02
-2719.91
-2779.73
-2831.23
-2874.44
-2909.33
-2934.84
-2951.43
-2959.41
-2958.15
-2947.94
-2929.47
-2902.17
-2865.85
-2821.36
-2768.57
-2707.43
-2637.93
-2561.06
-2476.99
-2384.89
-2285.85
-2180.98
-2069.7
-1951.78
-1828.39
-1699.93
-1566.39
-1428.06
-1285.92
-1140.29
-991.295
-839.612
-685.896
-530.591
-373.026
-214.612
-55.963
103.096
261.117
418.203
574.513
728.728
880.58
1029.96
1175.74
1317.73
1455.81
1590.07
1719.85
1844.04
1962.65
2075.65
2182.75
2283.79
2378.24
2465.51
2545.45
2617.88
2682.88
2740.6
2790.56
2832.5
2866.1
2891.26
2908.17
2916.66
2917.43
2910.18
2894.32
2870.2
2837.95
2797.49
2749.11
2693.48
2630.85
2560.62
2482.46
2397.32
2306.21
2208.78
2105.48
1996.46
1881.42
1761.64
1636.77
1507.64
1374.59
1237.31
1097.54
954.312
808.259
660.945
511.379
360.461
208.82
56.2978
-95.6944
-246.61
-396.917
-546.555
-694.767
-840.706
-983.8
-1124.31
-1262.11
-1396.07
-1525.68
-1650.81
-1771.47
-1887.27
-1998.16
-2103.81
-2203.23
-2296.63
-2383.54
-2463.72
-2537.93
-2604.91
-2664.71
-2717.33
-2762.31
